Date,Open,High,Low,Close,Adj Close,Volume
2019-03-01,450.0,472.5,450.0,472.5,448.87274169921875,237784
2019-03-05,496.1000061035156,496.1000061035156,482.0,496.1000061035156,471.2925720214844,204330
2019-03-06,520.9000244140625,520.9000244140625,520.9000244140625,520.9000244140625,494.8525085449219,17251
2019-03-07,546.9000244140625,546.9000244140625,546.9000244140625,546.9000244140625,519.5524291992188,22190
2019-03-08,573.0,573.0,519.5999755859375,548.7999877929688,521.3572998046875,449000
2019-03-11,564.4000244140625,576.2000122070312,537.0,576.2000122070312,547.3872680664062,96125
2019-03-12,599.5,605.0,590.0,605.0,574.7470703125,51603
2019-03-13,621.0,635.25,605.0,632.1500244140625,600.5394897460938,214869
2019-03-14,625.7999877929688,663.75,620.0,662.7999877929688,629.6567993164062,179482
2019-03-15,678.0,683.7999877929688,636.0,642.1500244140625,610.0394897460938,62702
2019-03-18,649.9500122070312,651.0,582.0,606.3499755859375,576.029541015625,128120
2019-03-19,601.0,608.75,573.0,579.4500122070312,550.4746704101562,97824
2019-03-20,579.0,589.75,555.1500244140625,575.4000244140625,546.6272583007812,130310
2019-03-22,570.4000244140625,603.5499877929688,565.0,577.3499755859375,548.479736328125,142338
2019-03-25,587.2999877929688,587.2999877929688,558.0999755859375,560.5,532.4722900390625,29742
2019-03-26,561.0,570.0,545.0999755859375,548.8499755859375,521.4048461914062,41681
2019-03-27,554.75,554.75,531.0,532.4500122070312,505.82489013671875,40155
2019-03-28,531.5,542.75,530.2000122070312,532.7000122070312,506.0625,26027
2019-04-01,553.0,574.9500122070312,552.0,553.9500122070312,526.2498168945312,18920
2019-04-02,554.0,560.0,545.0999755859375,548.75,521.309814453125,14885
2019-04-03,548.0,552.9000244140625,525.0,527.0499877929688,500.6949768066406,31263
2019-04-04,529.0,542.0,523.9500122070312,528.5,502.07244873046875,17686
2019-04-05,531.0,537.5,522.0,524.0999755859375,497.8924560546875,28345
2019-04-08,523.75,530.0,515.0499877929688,520.7999877929688,494.75750732421875,18418
2019-04-09,524.9500122070312,524.9500122070312,512.0,515.0999755859375,489.3424987792969,28428
2019-04-10,515.0,519.5,506.70001220703125,507.8999938964844,482.5025634765625,15428
2019-04-11,514.8499755859375,518.0,504.8999938964844,514.75,489.010009765625,14997
2019-04-12,518.0,518.0,505.04998779296875,507.04998779296875,481.695068359375,5827
2019-04-15,505.04998779296875,514.0,493.04998779296875,496.6499938964844,471.8150939941406,34183
2019-04-16,495.0,497.0,480.0,481.1499938964844,457.0901794433594,26114
2019-04-18,480.20001220703125,486.0,480.0,483.3500061035156,459.18017578125,26380
2019-04-22,480.25,483.5,468.6499938964844,475.3500061035156,451.5802001953125,27995
2019-04-23,473.5,482.95001220703125,470.25,476.25,452.4352111816406,20881
2019-04-24,482.0,485.0,469.5,481.20001220703125,457.1376953125,27273
2019-04-25,481.20001220703125,485.3500061035156,475.04998779296875,479.1499938964844,455.1902160644531,52917
2019-04-26,475.29998779296875,477.45001220703125,473.0,474.70001220703125,450.96270751953125,21310
2019-04-30,470.5,473.0,455.0,465.29998779296875,442.0327453613281,34103
2019-05-02,465.1000061035156,471.8500061035156,460.0,465.25,441.98529052734375,62804
2019-05-03,470.0,470.0,455.0,458.1000061035156,435.1928405761719,17330
2019-05-06,451.0,459.0,446.04998779296875,451.70001220703125,429.11285400390625,16639
2019-05-07,450.1499938964844,456.0,436.04998779296875,437.1499938964844,415.2903747558594,23471
2019-05-08,430.04998779296875,440.0,420.0,421.8999938964844,400.8029479980469,19485
2019-05-09,417.1000061035156,420.0,415.6000061035156,416.95001220703125,396.1004943847656,22716
2019-05-10,413.1000061035156,418.95001220703125,398.0,399.75,379.76055908203125,45486
2019-05-13,400.0,400.0,389.25,391.20001220703125,371.6381530761719,38043
2019-05-14,390.0,391.95001220703125,380.29998779296875,383.6499938964844,364.46563720703125,23898
2019-05-15,383.95001220703125,384.0,375.20001220703125,375.75,356.960693359375,27261
2019-05-16,375.0,415.0,351.0,392.04998779296875,372.44561767578125,67084
2019-05-17,393.5,446.95001220703125,393.5,427.8500061035156,406.4554748535156,57247
2019-05-20,435.0,469.75,435.0,452.3500061035156,429.7303466796875,115940
2019-05-21,459.8999938964844,471.5,446.5,463.29998779296875,440.1327819824219,41569
2019-05-22,466.0,487.79998779296875,457.8500061035156,477.79998779296875,453.90771484375,30729
2019-05-23,480.0,495.0,475.5,488.04998779296875,463.6451110839844,117031
2019-05-24,497.25,522.5,491.1000061035156,517.5999755859375,491.717529296875,38495
2019-05-27,518.0,521.0999755859375,497.0,506.1000061035156,480.7925720214844,18419
2019-05-28,506.20001220703125,510.8500061035156,490.25,507.6000061035156,482.21759033203125,10131
2019-05-29,507.6000061035156,527.9000244140625,507.6000061035156,516.9000244140625,491.0525207519531,35636
2019-05-30,516.9000244140625,524.0,501.20001220703125,518.5499877929688,492.6199951171875,8815
2019-05-31,523.0,523.0,507.0,510.79998779296875,485.2575378417969,5516
2019-06-03,507.79998779296875,515.5499877929688,490.0,513.7000122070312,488.0125427246094,13772
2019-06-04,505.79998779296875,506.3500061035156,492.0,495.3500061035156,470.5801086425781,43452
2019-06-06,509.0,510.0,489.0,491.1499938964844,466.5901794433594,17116
2019-06-07,489.0,496.0,471.20001220703125,487.54998779296875,463.17010498046875,19324
2019-06-10,487.54998779296875,499.0,485.0,495.3500061035156,470.5801086425781,9160
2019-06-11,500.0,500.0,487.8500061035156,495.04998779296875,470.29510498046875,7666
2019-06-12,492.04998779296875,498.1000061035156,484.75,488.5,464.0726623535156,5193
2019-06-13,484.20001220703125,496.1000061035156,484.20001220703125,495.1000061035156,470.3426513671875,5817
2019-06-14,490.0,490.04998779296875,473.6000061035156,476.04998779296875,452.24517822265625,24443
2019-06-17,487.0,490.04998779296875,465.0,477.8999938964844,454.002685546875,13401
2019-06-18,472.0,485.0,472.0,474.20001220703125,450.4877014160156,11601
2019-06-19,480.0,488.0,448.0,465.20001220703125,441.93780517578125,27282
2019-06-20,455.8999938964844,472.0,449.0,470.1000061035156,446.5927429199219,13769
2019-06-21,461.0,475.0,459.04998779296875,466.75,443.4102783203125,10788
2019-06-24,463.75,479.75,460.04998779296875,474.75,451.0102233886719,7057
2019-06-25,470.0,479.70001220703125,455.79998779296875,474.95001220703125,451.20025634765625,5225
2019-06-26,465.0,490.0,465.0,482.25,458.13519287109375,4691
2019-06-27,482.0,492.0,482.0,490.0,465.4976501464844,4143
2019-06-28,482.0,496.5,470.79998779296875,479.8500061035156,455.85516357421875,13344
2019-07-01,470.0,495.0,470.0,491.25,466.6851806640625,7103
2019-07-02,485.0,494.6000061035156,481.0,485.1000061035156,460.8426513671875,6983
2019-07-03,481.0,493.75,481.0,489.25,464.78515625,3247
2019-07-04,483.0,492.0,483.0,484.5,460.2726745605469,10405
2019-07-05,481.0,490.1000061035156,479.1000061035156,484.20001220703125,459.9877014160156,6329
2019-07-08,480.20001220703125,488.0,465.0,480.0,455.9976806640625,9484
2019-07-09,470.0,482.0,470.0,474.75,451.0102233886719,5096
2019-07-10,477.0,480.04998779296875,472.0,476.95001220703125,453.1002197265625,6816
2019-07-11,476.95001220703125,480.0,470.0,473.5,449.8227233886719,6752
2019-07-12,465.04998779296875,486.54998779296875,465.04998779296875,483.6499938964844,459.46514892578125,3586
2019-07-15,483.6499938964844,485.0,470.0,479.3999938964844,455.4277038574219,5319
2019-07-16,470.04998779296875,480.0,470.04998779296875,476.70001220703125,452.8627014160156,3482
2019-07-17,471.3999938964844,484.54998779296875,471.3999938964844,477.6499938964844,453.7651672363281,2170
2019-07-18,472.04998779296875,480.8999938964844,472.04998779296875,475.29998779296875,451.53271484375,6300
2019-07-19,471.04998779296875,479.0,465.1499938964844,475.70001220703125,451.9127197265625,9322
2019-07-22,470.0,486.0,447.20001220703125,482.6000061035156,458.4676818847656,8947
2019-07-23,473.1499938964844,495.95001220703125,473.1499938964844,486.0,461.6976623535156,5615
2019-07-24,480.1000061035156,484.20001220703125,477.0,477.1000061035156,453.2427062988281,2458
2019-07-25,475.0,486.0,472.6000061035156,480.75,456.7101745605469,7628
2019-07-26,473.0,483.79998779296875,461.5,479.70001220703125,455.7127380371094,6655
2019-07-29,476.20001220703125,488.8999938964844,469.0,471.8999938964844,448.3027038574219,14819
2019-07-30,465.0,474.54998779296875,445.0,451.3999938964844,435.28466796875,3876
2019-07-31,442.5,462.29998779296875,442.5,459.8999938964844,443.4812316894531,1757
2019-08-01,445.1000061035156,465.0,445.0,456.79998779296875,440.49188232421875,3136
2019-08-02,449.79998779296875,455.6000061035156,423.0,444.29998779296875,428.4381408691406,8869
2019-08-05,422.0,465.0,422.0,455.6499938964844,439.3829345703125,2317
2019-08-06,455.6499938964844,466.0,455.6499938964844,460.54998779296875,444.1080017089844,9428
2019-08-07,467.0,467.04998779296875,445.0,451.45001220703125,435.3328857421875,14617
2019-08-08,460.0,465.8999938964844,453.04998779296875,455.29998779296875,439.04547119140625,11205
2019-08-09,445.04998779296875,464.70001220703125,445.04998779296875,457.5,441.16693115234375,13478
2019-08-13,445.04998779296875,453.6000061035156,435.70001220703125,439.04998779296875,423.3755798339844,8776
2019-08-14,441.0,441.25,435.0,436.1000061035156,420.5309143066406,22754
2019-08-16,435.0,435.54998779296875,425.5,426.79998779296875,411.5628967285156,5104
2019-08-19,426.0,443.95001220703125,422.04998779296875,433.04998779296875,417.5897521972656,34526
2019-08-20,435.0,435.0,423.04998779296875,425.3999938964844,410.212890625,3296
2019-08-21,426.0,426.0,403.0,405.5,391.0233459472656,6290
2019-08-22,402.3999938964844,405.0,384.0,388.0,374.1481018066406,9446
2019-08-23,380.0,392.0,378.0,379.45001220703125,365.9033508300781,15914
2019-08-26,383.5,396.8500061035156,375.04998779296875,390.29998779296875,376.3659973144531,21806
2019-08-27,398.70001220703125,432.70001220703125,393.0,420.6000061035156,405.58428955078125,69512
2019-08-28,418.79998779296875,426.54998779296875,410.5,418.54998779296875,403.607421875,12192
2019-08-29,410.0,415.0,395.0,395.75,381.6214294433594,21737
2019-08-30,390.04998779296875,417.75,390.04998779296875,409.5,394.8805236816406,8912
2019-09-03,400.1000061035156,410.95001220703125,390.0,393.6000061035156,379.5481872558594,10434
2019-09-04,393.3500061035156,397.6000061035156,388.1499938964844,391.3500061035156,377.3785095214844,4051
2019-09-05,372.5,394.29998779296875,372.5,388.6000061035156,374.7267150878906,1762
2019-09-06,386.04998779296875,393.20001220703125,386.0,389.29998779296875,375.4017028808594,8967
2019-09-09,396.79998779296875,396.8500061035156,381.0,382.1499938964844,368.5069580078125,10211
2019-09-11,383.0,393.79998779296875,383.0,385.5,371.73736572265625,41534
2019-09-12,387.0,389.3500061035156,382.1499938964844,383.04998779296875,369.37481689453125,16036
2019-09-13,382.1499938964844,391.54998779296875,380.1499938964844,380.54998779296875,366.96405029296875,15506
2019-09-16,381.0,413.8500061035156,376.29998779296875,403.54998779296875,389.1429138183594,27109
2019-09-17,409.0,413.3500061035156,395.20001220703125,396.29998779296875,382.1517639160156,25593
2019-09-18,392.45001220703125,409.0,392.3999938964844,407.5,392.95196533203125,25461
2019-09-19,400.04998779296875,406.1000061035156,396.0,401.20001220703125,386.8768615722656,7566
2019-09-20,406.3999938964844,442.6000061035156,400.0,417.1000061035156,402.209228515625,51397
2019-09-23,418.5,439.79998779296875,418.25,433.8999938964844,418.409423828125,47232
2019-09-24,434.0,437.0,424.1000061035156,425.29998779296875,410.1164245605469,17008
2019-09-25,412.54998779296875,425.0,407.8500061035156,410.1000061035156,395.4591369628906,118764
2019-09-26,435.0,481.0,430.0,442.45001220703125,426.65423583984375,79960
2019-09-27,446.0,483.25,446.0,474.3500061035156,457.41534423828125,65191
2019-09-30,480.25,483.1499938964844,460.25,463.8999938964844,447.33843994140625,15234
2019-10-01,485.0,485.0,459.04998779296875,472.04998779296875,455.19744873046875,10857
2019-10-03,460.0,467.95001220703125,451.0,458.54998779296875,442.17938232421875,5779
2019-10-04,459.0,461.20001220703125,445.0,449.0,432.9703674316406,17754
2019-10-07,445.1000061035156,449.8500061035156,440.0,443.8999938964844,428.0523986816406,12222
2019-10-09,441.1000061035156,466.6000061035156,435.0,448.25,432.24713134765625,10254
2019-10-10,436.04998779296875,459.70001220703125,436.04998779296875,453.04998779296875,436.8757629394531,9818
2019-10-11,453.04998779296875,458.29998779296875,449.0,451.8500061035156,435.7186279296875,11860
2019-10-14,442.04998779296875,459.8500061035156,442.0,450.25,434.17572021484375,5212
2019-10-15,441.04998779296875,463.0,441.04998779296875,460.70001220703125,444.252685546875,12045
2019-10-16,467.0,468.0,450.0,453.29998779296875,437.1168212890625,1704
2019-10-17,450.0,468.0,448.0,458.95001220703125,442.5651550292969,8951
2019-10-18,448.1000061035156,474.0,448.1000061035156,469.6000061035156,452.8349304199219,11261
2019-10-22,459.0,475.0,457.5,461.1499938964844,444.68658447265625,15382
2019-10-23,457.54998779296875,468.0,457.04998779296875,464.3999938964844,447.8205871582031,8172
2019-10-24,467.8999938964844,484.79998779296875,457.0,475.5,458.5242919921875,10250
2019-10-25,478.8999938964844,491.0,464.1000061035156,470.25,453.46173095703125,13895
2019-10-27,475.0,491.0,470.0,484.8999938964844,467.5887145996094,4709
2019-10-29,485.0,505.0,485.0,497.3999938964844,479.6424560546875,22193
2019-10-30,494.0,500.0,489.04998779296875,491.6000061035156,474.04949951171875,13847
2019-10-31,491.6000061035156,500.0,485.04998779296875,486.6499938964844,469.27618408203125,10220
2019-11-01,485.20001220703125,487.45001220703125,475.04998779296875,483.3999938964844,466.14227294921875,12394
2019-11-04,476.04998779296875,486.0,474.54998779296875,480.45001220703125,463.2975769042969,12330
2019-11-05,485.0,492.6499938964844,472.0,474.95001220703125,457.993896484375,8746
2019-11-06,474.0,475.0,468.0,472.25,455.39031982421875,6798
2019-11-07,470.04998779296875,484.6499938964844,465.0,481.1000061035156,463.9243469238281,7772
2019-11-08,475.1499938964844,548.0,475.1499938964844,512.7999877929688,494.49267578125,47794
2019-11-11,512.7999877929688,534.4000244140625,500.3500061035156,508.70001220703125,490.5390319824219,18039
2019-11-13,529.0,529.0,497.0,499.8999938964844,482.05316162109375,9345
2019-11-14,505.04998779296875,505.8999938964844,489.0,491.5,473.953125,25473
2019-11-15,490.3500061035156,499.8999938964844,482.3500061035156,489.3999938964844,471.92803955078125,16169
2019-11-18,484.5,492.95001220703125,471.20001220703125,488.79998779296875,471.3494567871094,17605
2019-11-19,488.95001220703125,490.0,471.0,474.6499938964844,457.70465087890625,60090
2019-11-20,469.1000061035156,476.3999938964844,454.0,459.8500061035156,443.4330139160156,46436
2019-11-21,474.8999938964844,474.8999938964844,445.1000061035156,456.6499938964844,440.34722900390625,19206
2019-11-22,455.0,455.0,444.0,452.1000061035156,435.9596862792969,12338
2019-11-25,440.0,472.0,433.0,438.8500061035156,423.1827392578125,73725
2019-11-26,450.0,463.04998779296875,438.3999938964844,456.3999938964844,440.1061706542969,16930
2019-11-27,458.0,464.95001220703125,452.0,456.70001220703125,440.3955078125,44857
2019-11-28,455.0,463.79998779296875,451.0,459.79998779296875,443.384765625,8180
2019-11-29,452.0,462.0,444.54998779296875,449.79998779296875,433.7417907714844,6518
2019-12-02,450.0,460.0,440.1000061035156,440.3500061035156,424.6291809082031,20714
2019-12-03,439.0,447.0,418.8999938964844,439.8999938964844,424.19525146484375,14721
2019-12-04,427.0,442.0,424.54998779296875,440.20001220703125,424.4844970703125,18964
2019-12-05,444.8500061035156,444.8500061035156,423.04998779296875,436.8500061035156,421.254150390625,19597
2019-12-06,427.0,442.70001220703125,427.0,431.1000061035156,415.7094421386719,5347
2019-12-09,426.0,432.0,425.25,431.1000061035156,415.7094421386719,6029
2019-12-10,426.1499938964844,442.70001220703125,420.1000061035156,423.3500061035156,408.236083984375,16236
2019-12-11,436.1000061035156,436.1000061035156,425.79998779296875,427.95001220703125,412.6719055175781,6120
2019-12-12,424.0,436.0,424.0,432.04998779296875,416.6254577636719,3382
2019-12-13,423.5,442.95001220703125,423.5,438.6000061035156,422.941650390625,8678
2019-12-16,450.0,460.0,436.0,450.5,434.4167785644531,76351
2019-12-17,454.95001220703125,475.20001220703125,451.45001220703125,460.3999938964844,443.96337890625,24801
2019-12-18,465.95001220703125,468.0,454.54998779296875,455.6000061035156,439.334716796875,2432
2019-12-19,450.0,465.95001220703125,450.0,462.3999938964844,445.8919677734375,5066
2019-12-20,462.0,465.54998779296875,460.0,463.75,447.1937561035156,4118
2019-12-23,455.0,464.75,455.0,457.0,440.68475341796875,4735
2019-12-24,455.04998779296875,467.0,451.0,455.45001220703125,439.1900939941406,3754
2019-12-26,450.04998779296875,461.0,450.04998779296875,459.95001220703125,443.5294494628906,12034
2019-12-27,466.0,466.0,450.0,450.79998779296875,434.7060852050781,8103
2019-12-30,450.79998779296875,469.6499938964844,450.79998779296875,464.1000061035156,447.5312805175781,8687
2019-12-31,456.6000061035156,489.70001220703125,456.6000061035156,482.8500061035156,465.61187744140625,12648
2020-01-01,483.1000061035156,502.0,477.79998779296875,499.1499938964844,481.3299560546875,8497
2020-01-02,498.0,518.4000244140625,470.25,484.8500061035156,467.5404968261719,25863
2020-01-03,488.0,488.04998779296875,473.0,478.1499938964844,461.0796813964844,7761
2020-01-06,475.0,475.0,464.0,470.0,453.2206726074219,32999
2020-01-07,470.0,494.6000061035156,470.0,484.20001220703125,466.9136962890625,9808
2020-01-08,480.04998779296875,499.0,470.6499938964844,481.75,464.5511779785156,16402
2020-01-09,485.0,514.0,485.0,496.6499938964844,478.91925048828125,33445
2020-01-10,496.95001220703125,514.0,494.29998779296875,509.3999938964844,491.2140197753906,29201
2020-01-13,514.0,539.9000244140625,510.0,529.6500244140625,510.7410888671875,119884
2020-01-14,530.0,547.9000244140625,525.3499755859375,528.6500244140625,509.77679443359375,39835
2020-01-15,525.0,533.0,501.5,513.0499877929688,494.7337341308594,25049
2020-01-16,515.0,529.9000244140625,511.5,528.8499755859375,509.9696350097656,20793
2020-01-17,538.0,544.9500122070312,525.3499755859375,540.5,521.2037963867188,56421
2020-01-20,545.0,586.9000244140625,536.5,580.5499877929688,559.8239135742188,75953
2020-01-21,580.5499877929688,587.2000122070312,550.0,555.25,535.4271850585938,28031
2020-01-22,555.25,563.0499877929688,545.25,553.7999877929688,534.0288696289062,29122
2020-01-23,550.0499877929688,592.75,550.0499877929688,571.6500244140625,551.24169921875,37972
2020-01-24,562.5499877929688,594.0,562.5499877929688,578.5499877929688,557.8953247070312,46520
2020-01-27,564.0,598.0,564.0,577.5499877929688,556.9310302734375,26804
2020-01-28,577.0,599.9000244140625,577.0,585.5999755859375,564.693603515625,28082
2020-01-29,592.0,630.0,581.9000244140625,622.8499755859375,600.61376953125,53333
2020-01-30,620.0,628.0,610.0,616.1500244140625,594.1529541015625,18918
2020-01-31,610.0499877929688,619.7999877929688,592.0,603.4000244140625,581.8582153320312,24132
2020-02-03,596.0499877929688,639.0,581.0499877929688,624.0999755859375,601.819091796875,19424
2020-02-04,639.0,655.4500122070312,618.5,623.2000122070312,600.9512939453125,20860
2020-02-05,622.0,651.0,622.0,639.4000244140625,616.572998046875,9156
2020-02-06,626.0,672.0,626.0,663.2000122070312,639.5232543945312,24757
2020-02-07,656.0,678.6500244140625,572.2999877929688,591.4000244140625,570.28662109375,98605
2020-02-10,592.5499877929688,612.9000244140625,562.5,598.5499877929688,577.1813354492188,35848
2020-02-11,610.0,610.0,575.25,583.5499877929688,562.716796875,11057
2020-02-12,595.5,595.5,570.0,571.5999755859375,551.1934204101562,9347
2020-02-13,570.8499755859375,597.6500244140625,567.8499755859375,591.8499755859375,570.720458984375,10159
2020-02-14,580.0499877929688,596.0,577.0,579.0999755859375,558.4256591796875,8827
2020-02-17,580.0,581.7000122070312,561.0499877929688,568.0,547.721923828125,10944
2020-02-18,565.0,577.1500244140625,555.0,563.5,543.3826904296875,8992
2020-02-19,563.0,578.0,563.0,571.4500122070312,551.048828125,5155
2020-02-20,578.0,584.0,566.2999877929688,570.75,550.373779296875,3955
2020-02-24,570.5,570.5,527.0,529.7000122070312,510.78936767578125,162759
2020-02-25,537.0,554.0,532.5499877929688,537.25,518.06982421875,55568
2020-02-26,537.25,548.0499877929688,531.0,542.75,523.3734130859375,35515
2020-02-27,545.0,555.0,533.0,541.25,521.927001953125,16012
2020-02-28,533.0,546.6500244140625,486.1499938964844,511.95001220703125,493.6730041503906,119828
2020-03-02,519.0,534.9000244140625,501.0,505.3999938964844,487.3568420410156,37518
2020-03-03,505.79998779296875,535.0,504.95001220703125,527.2999877929688,508.4750061035156,12579
2020-03-04,524.0999755859375,535.0,513.0,526.9000244140625,508.08929443359375,18812
2020-03-05,528.9500122070312,530.0499877929688,525.0,527.0,508.1856994628906,3657
2020-03-06,521.7999877929688,526.4500122070312,495.0,506.95001220703125,488.85150146484375,17858
2020-03-09,492.0,498.29998779296875,445.29998779296875,482.20001220703125,464.9851379394531,70753
2020-03-11,495.0,495.0,462.3500061035156,469.70001220703125,452.9313659667969,19337
2020-03-12,468.0,468.0,403.8999938964844,422.8500061035156,407.7539367675781,52812
2020-03-13,405.0,448.0,340.1000061035156,419.8999938964844,404.9092712402344,29144
2020-03-16,418.70001220703125,418.70001220703125,382.29998779296875,388.75,374.8713073730469,12304
2020-03-17,388.04998779296875,401.5,388.04998779296875,391.5,377.52313232421875,8240
2020-03-18,380.6499938964844,391.45001220703125,342.3500061035156,348.8999938964844,336.4440002441406,34536
2020-03-19,348.8999938964844,348.8999938964844,281.29998779296875,306.25,295.316650390625,22309
2020-03-20,310.04998779296875,329.70001220703125,285.04998779296875,298.29998779296875,287.65045166015625,26220
2020-03-23,280.0,290.0,268.5,268.5,258.91436767578125,11409
2020-03-24,250.0,295.0,241.64999389648438,241.64999389648438,233.0229034423828,19614
2020-03-25,241.10000610351562,265.79998779296875,225.0500030517578,247.35000610351562,238.51942443847656,7336
2020-03-26,264.3500061035156,272.04998779296875,252.0,272.0,262.2893981933594,11490
2020-03-27,275.29998779296875,299.20001220703125,273.0,299.20001220703125,288.5183410644531,7824
2020-03-30,305.0,315.0,276.0,306.20001220703125,295.2684631347656,10686
2020-03-31,303.1499938964844,334.95001220703125,302.0,325.95001220703125,314.3133544921875,12523
2020-04-01,320.0,329.95001220703125,309.70001220703125,314.8500061035156,303.6095886230469,6439
2020-04-03,315.0,319.0,299.1499938964844,299.1499938964844,288.4700927734375,3276
2020-04-07,314.0,314.0,285.0,312.75,301.5845947265625,9385
2020-04-08,304.75,323.70001220703125,303.1000061035156,313.20001220703125,302.0185546875,11786
2020-04-09,314.8999938964844,328.70001220703125,310.0,325.95001220703125,314.3133544921875,15205
2020-04-13,328.95001220703125,335.95001220703125,309.70001220703125,311.95001220703125,300.81317138671875,6411
2020-04-15,320.0,326.79998779296875,296.3999938964844,296.3999938964844,285.81829833984375,9742
2020-04-16,296.3999938964844,305.0,283.0,300.1000061035156,289.38623046875,11779
2020-04-17,303.79998779296875,315.0,297.5,300.6000061035156,289.86834716796875,19185
2020-04-20,314.0,314.04998779296875,298.8999938964844,301.75,290.9772644042969,20202
2020-04-21,300.0,300.0,286.70001220703125,287.0,276.7538757324219,10250
2020-04-22,286.04998779296875,295.1499938964844,286.04998779296875,289.3500061035156,279.0199890136719,5813
2020-04-23,289.3999938964844,297.1499938964844,289.3999938964844,292.45001220703125,282.0093688964844,4907
2020-04-24,290.1000061035156,291.1499938964844,277.8500061035156,282.0,271.9324035644531,39279
2020-04-27,288.8500061035156,296.1000061035156,280.0,296.1000061035156,285.5290222167969,18367
2020-04-28,301.95001220703125,310.8999938964844,297.95001220703125,306.0,295.0755615234375,14166
2020-04-29,310.29998779296875,315.0,300.0,303.6000061035156,292.7612609863281,3008
2020-04-30,309.95001220703125,318.75,301.3999938964844,318.1499938964844,306.7918395996094,19651
2020-05-04,308.0,308.0,302.25,302.25,291.45947265625,4751
2020-05-05,302.20001220703125,302.20001220703125,287.1499938964844,287.1499938964844,276.89849853515625,6761
2020-05-06,282.0,289.0,278.0,280.1499938964844,270.1484375,3461
2020-05-07,287.5,287.5,278.0,279.54998779296875,269.56988525390625,3470
2020-05-08,288.5,290.95001220703125,272.0,274.20001220703125,264.4108581542969,6414
2020-05-11,277.0,281.5,267.6000061035156,270.8999938964844,261.2286682128906,4717
2020-05-12,270.95001220703125,277.6499938964844,266.5,272.29998779296875,262.5786437988281,2972
2020-05-13,279.29998779296875,284.0,275.04998779296875,277.29998779296875,267.4001770019531,8545
2020-05-14,277.5,279.8999938964844,272.1000061035156,273.70001220703125,263.9287109375,2418
2020-05-15,272.70001220703125,274.95001220703125,271.0,272.25,262.53045654296875,6308
2020-05-18,278.5,278.5,264.0,266.04998779296875,256.55181884765625,3054
2020-05-19,270.0,271.54998779296875,265.29998779296875,268.0,258.43218994140625,2699
2020-05-20,268.04998779296875,270.8500061035156,261.0,267.70001220703125,258.1429443359375,6191
2020-05-21,267.6499938964844,278.0,265.0,274.95001220703125,265.1340637207031,1141
2020-05-22,267.0,281.3500061035156,261.25,263.6000061035156,254.18927001953125,8869
2020-05-26,265.0,269.95001220703125,262.5,264.79998779296875,255.34640502929688,3509
2020-05-27,269.54998779296875,275.5,265.0,274.8500061035156,265.0376892089844,1554
2020-05-28,284.0,285.8999938964844,278.0,282.54998779296875,272.4627380371094,2735
2020-05-29,280.25,296.6499938964844,280.0,295.1000061035156,284.5647277832031,7189
2020-06-01,309.0,309.5,295.0,306.54998779296875,295.6059265136719,17839
2020-06-02,301.0,321.8500061035156,301.0,321.8500061035156,310.3597412109375,11001
2020-06-03,337.8999938964844,337.8999938964844,326.5,337.8999938964844,325.8367004394531,10644
2020-06-04,354.75,354.75,330.0,354.75,342.08514404296875,28629
2020-06-05,369.0,372.45001220703125,345.54998779296875,372.45001220703125,359.15325927734375,6771
2020-06-08,388.0,391.04998779296875,360.0,365.25,352.2102966308594,11014
2020-06-09,364.04998779296875,369.0,347.0,348.45001220703125,336.01007080078125,9216
2020-06-10,346.04998779296875,348.45001220703125,331.04998779296875,331.45001220703125,319.6169738769531,8964
2020-06-11,330.45001220703125,348.0,326.6000061035156,342.54998779296875,330.3207092285156,4573
2020-06-12,325.45001220703125,352.04998779296875,325.45001220703125,349.5,337.0225830078125,8557
2020-06-15,344.5,358.0,337.04998779296875,342.0,329.79034423828125,3435
2020-06-16,342.0,350.8999938964844,332.0,337.04998779296875,325.01702880859375,8424
2020-06-17,336.8500061035156,346.8999938964844,336.20001220703125,342.1499938964844,329.93499755859375,2676
2020-06-18,345.95001220703125,352.95001220703125,337.04998779296875,339.45001220703125,327.3314208984375,3632
2020-06-19,339.29998779296875,355.45001220703125,339.04998779296875,345.8500061035156,333.50286865234375,7429
2020-06-22,343.8500061035156,360.0,328.6000061035156,344.0,331.71893310546875,10253
2020-06-23,340.0,348.0,340.0,345.0,332.6832580566406,7025
2020-06-24,345.0,359.95001220703125,330.0,349.1499938964844,336.6850891113281,39534
2020-06-25,347.95001220703125,366.6000061035156,340.0,366.5,353.4156799316406,97485
2020-06-26,384.79998779296875,384.79998779296875,384.79998779296875,384.79998779296875,371.0623474121094,11747
2020-06-29,397.95001220703125,402.8999938964844,372.45001220703125,382.3999938964844,368.7480163574219,39908
2020-06-30,394.0,395.0,382.5,383.1000061035156,369.42303466796875,17140
2020-07-01,394.0,394.0,375.0,384.70001220703125,370.9659118652344,91487
2020-07-02,403.8999938964844,403.8999938964844,403.8999938964844,403.8999938964844,389.48046875,9820
2020-07-03,424.04998779296875,424.04998779296875,424.04998779296875,424.04998779296875,408.9111022949219,5774
2020-07-06,445.25,445.25,445.25,445.25,429.354248046875,4436
2020-07-07,467.5,467.5,467.5,467.5,450.8099060058594,2386
2020-07-08,490.8500061035156,490.8500061035156,457.79998779296875,461.3999938964844,444.92767333984375,92905
2020-07-09,470.0,482.0,455.95001220703125,469.45001220703125,452.6903076171875,29488
2020-07-10,460.54998779296875,472.0,449.0,453.25,437.0686340332031,18070
2020-07-13,474.0,475.8999938964844,461.25,475.1000061035156,458.1385803222656,43920
2020-07-14,482.0,482.0,451.3500061035156,452.70001220703125,436.53826904296875,26989
2020-07-15,455.0,467.6499938964844,451.04998779296875,453.75,437.5508117675781,27890
2020-07-16,441.6000061035156,461.3500061035156,441.6000061035156,449.45001220703125,433.404296875,7292
2020-07-17,451.0,460.70001220703125,449.6499938964844,452.95001220703125,436.77935791015625,5839
2020-07-20,461.0,475.0,453.95001220703125,460.0,443.57763671875,6672
2020-07-21,465.0,465.0,455.0,460.3999938964844,443.96337890625,11665
2020-07-22,465.95001220703125,474.0,450.25,466.8999938964844,450.2312927246094,24709
2020-07-23,466.6499938964844,468.04998779296875,459.04998779296875,462.3999938964844,445.8919677734375,6850
2020-07-24,451.25,463.04998779296875,450.0,454.6499938964844,438.41864013671875,22083
2020-07-27,466.0,474.6499938964844,448.0,453.70001220703125,437.5025634765625,51206
2020-07-28,450.70001220703125,461.0,450.70001220703125,457.1000061035156,440.7812194824219,16182
2020-07-29,460.3500061035156,460.3500061035156,452.20001220703125,454.54998779296875,438.32220458984375,6142
2020-07-30,455.0,466.0,455.0,462.6499938964844,446.1330871582031,21254
2020-07-31,452.95001220703125,466.0,452.1000061035156,461.3999938964844,444.92767333984375,10451
2020-08-03,469.3999938964844,480.25,453.1000061035156,471.45001220703125,454.618896484375,25235
2020-08-04,490.0,495.0,485.0,490.0,472.5066223144531,49726
2020-08-05,482.04998779296875,495.0,478.20001220703125,487.8999938964844,470.4815979003906,27677
2020-08-06,496.8999938964844,512.25,482.0,511.0,492.7569274902344,59914
2020-08-07,511.0,560.0,511.0,544.5,525.0609130859375,56482
2020-08-10,555.0,598.0,545.0,577.2000122070312,556.5935668945312,57595
2020-08-11,582.0,596.9500122070312,525.6500244140625,544.2999877929688,524.8680419921875,25099
2020-08-12,547.75,548.9500122070312,511.20001220703125,537.9500122070312,518.7447509765625,31721
2020-08-13,550.0,580.0,550.0,552.4500122070312,532.7271728515625,23688
2020-08-14,555.0,569.9000244140625,535.4000244140625,540.5999755859375,521.3001708984375,12024
2020-08-17,540.5999755859375,569.0,535.8499755859375,554.5999755859375,534.8003540039062,29178
2020-08-18,554.0,561.9500122070312,543.5,546.3499755859375,526.8448486328125,7487
2020-08-19,543.0499877929688,555.0,540.0499877929688,542.9000244140625,523.5181274414062,9330
2020-08-20,542.9000244140625,555.0,526.2999877929688,537.0499877929688,517.8768920898438,18540
2020-08-21,541.25,548.0,525.0,529.7000122070312,510.78936767578125,12551
2020-08-24,554.7000122070312,554.7000122070312,528.5999755859375,530.7000122070312,511.753662109375,14748
2020-08-25,528.0,535.4500122070312,523.9000244140625,529.7999877929688,510.8857116699219,17626
2020-08-26,549.9000244140625,565.0,541.0,559.4000244140625,539.4290161132812,46313
2020-08-27,565.0,579.9000244140625,561.0999755859375,575.4500122070312,554.9060668945312,27603
2020-08-28,574.0999755859375,584.0,563.75,572.8499755859375,552.3988037109375,18035
2020-08-31,574.0,576.8499755859375,529.5499877929688,553.9000244140625,534.1253662109375,17692
2020-09-01,559.9000244140625,559.9000244140625,532.0,547.7000122070312,528.146728515625,8497
2020-09-02,549.5499877929688,573.25,540.0999755859375,553.5499877929688,533.787841796875,15472
2020-09-03,565.0,575.0,555.5,571.8499755859375,551.4345092773438,9549
2020-09-04,563.0,587.25,549.8499755859375,562.0,541.9361572265625,8542
2020-09-07,562.0,570.0,540.2000122070312,545.8499755859375,526.3627319335938,6502
2020-09-08,554.4000244140625,559.1500244140625,539.0,543.5499877929688,524.1448364257812,7953
2020-09-09,543.5499877929688,550.0,525.0,541.0,521.6859130859375,18619
2020-09-10,533.0,580.0,533.0,558.75,538.80224609375,19827
2020-09-11,543.0999755859375,561.9500122070312,543.0999755859375,555.3499755859375,535.5235595703125,11401
2020-09-14,560.5,590.0,560.5,579.2999877929688,558.6185302734375,20199
2020-09-15,585.0,590.0,577.0,586.75,565.8025512695312,12800
2020-09-16,588.0,590.0,569.9000244140625,580.75,560.016845703125,5728
2020-09-17,594.0,595.0,575.0,588.7999877929688,574.70654296875,12295
2020-09-18,575.0,598.0,575.0,587.0499877929688,572.9984741210938,10108
2020-09-21,575.0999755859375,594.9000244140625,540.5999755859375,570.5499877929688,556.8933715820312,15544
2020-09-22,555.0,570.0,530.0,557.75,544.3997192382812,15486
2020-09-23,560.0,574.2000122070312,536.0,553.4000244140625,540.1538696289062,5283
2020-09-24,549.0,550.0,529.9500122070312,541.1500244140625,528.1971435546875,5482
2020-09-25,541.1500244140625,595.25,541.1500244140625,595.25,581.002197265625,14748
2020-09-28,627.9000244140625,654.75,621.0,654.75,639.0779418945312,49831
2020-09-29,656.0,698.0,632.1500244140625,652.6500244140625,637.0282592773438,51332
2020-09-30,652.0999755859375,656.5,635.0,641.7000122070312,626.34033203125,10436
2020-10-01,667.9000244140625,684.7000122070312,643.0,647.9500122070312,632.4407348632812,13958
2020-10-05,645.0,654.4500122070312,637.0999755859375,639.9500122070312,624.6322631835938,9733
2020-10-06,640.0,684.4000244140625,637.0,640.4500122070312,625.1203002929688,12557
2020-10-07,650.0,655.9500122070312,620.0,626.9500122070312,611.9434204101562,12181
2020-10-08,636.0,658.9000244140625,614.9500122070312,619.6500244140625,604.818115234375,10821
2020-10-09,621.9000244140625,624.8499755859375,601.0,606.0,591.494873046875,12424
2020-10-12,610.0,624.9500122070312,568.0,587.2999877929688,573.242431640625,15857
2020-10-13,593.9000244140625,613.75,593.9000244140625,605.0,590.5187377929688,7696
2020-10-14,610.0,619.0,590.0499877929688,607.4000244140625,592.8613891601562,6522
2020-10-15,607.4000244140625,619.5,575.9000244140625,590.0499877929688,575.9266357421875,7840
2020-10-16,609.7999877929688,609.7999877929688,589.0,602.5,588.07861328125,5429
2020-10-19,601.0499877929688,605.0,582.2999877929688,590.1500244140625,576.0242919921875,9464
2020-10-20,599.0,602.0,585.9500122070312,598.7000122070312,584.36962890625,4530
2020-10-21,599.0,610.0,595.25,600.0499877929688,585.687255859375,11116
2020-10-22,616.9000244140625,617.0,572.3499755859375,602.0,587.590576171875,9119
2020-10-23,613.9000244140625,643.0,606.2999877929688,616.5999755859375,601.8411254882812,16287
2020-10-26,617.0,626.7000122070312,595.0,601.5499877929688,587.1513061523438,4910
2020-10-27,614.9500122070312,614.9500122070312,591.3499755859375,606.5999755859375,592.0804443359375,7010
2020-10-28,614.75,614.75,590.0,595.0499877929688,580.8069458007812,6005
2020-10-29,596.0499877929688,604.0,585.0,587.4000244140625,573.340087890625,5726
2020-10-30,584.0,610.0,580.3499755859375,600.5,586.1265258789062,12623
2020-11-02,590.0,595.9000244140625,558.1500244140625,564.5499877929688,551.0369873046875,25919
2020-11-03,568.9500122070312,572.3499755859375,542.3499755859375,550.2999877929688,537.1281127929688,14830
2020-11-04,555.0,570.0,537.0,550.6500244140625,537.4697265625,10578
2020-11-05,551.0999755859375,564.0,540.0,543.4500122070312,530.4420776367188,11724
2020-11-06,545.1500244140625,578.0,545.1500244140625,565.2999877929688,551.76904296875,11046
2020-11-09,563.0,588.1500244140625,563.0,584.1500244140625,570.1678466796875,11397
2020-11-10,589.9000244140625,592.7999877929688,568.0,589.0499877929688,574.9505615234375,9885
2020-11-11,592.8499755859375,597.6500244140625,555.0,568.0499877929688,554.4532470703125,13599
2020-11-12,571.0,588.0,571.0,582.0,568.0693359375,7333
2020-11-13,594.9000244140625,615.0499877929688,580.7000122070312,597.0499877929688,582.7590942382812,15153
2020-11-14,624.0,624.0,589.0499877929688,600.2999877929688,585.9312744140625,8431
2020-11-17,612.0,624.7999877929688,600.0,609.4000244140625,594.8134765625,14286
2020-11-18,619.7999877929688,625.0,595.25,603.7999877929688,589.3475341796875,11689
2020-11-19,603.7999877929688,612.2000122070312,595.0,597.9500122070312,583.6375122070312,10349
2020-11-20,609.0,614.9500122070312,591.3499755859375,594.3499755859375,580.1236572265625,9781
2020-11-23,609.0,614.0,596.0999755859375,598.2000122070312,583.881591796875,7560
2020-11-24,599.9500122070312,606.75,589.0,591.6500244140625,577.4884033203125,9340
2020-11-25,599.9000244140625,599.9000244140625,581.0,589.0,574.9017944335938,13866
2020-11-26,595.0,604.0,584.0499877929688,600.7999877929688,586.4193115234375,9931
2020-11-27,598.9500122070312,626.9000244140625,598.9500122070312,622.9000244140625,607.9903564453125,19511
2020-12-01,629.0,650.0,596.0,621.5499877929688,606.672607421875,45782
2020-12-02,625.0,635.9000244140625,608.0,610.4000244140625,595.78955078125,14061
2020-12-03,627.0,627.0,609.0999755859375,619.6500244140625,604.818115234375,19037
2020-12-04,624.0,630.0,613.0499877929688,623.4500122070312,608.5272216796875,15864
2020-12-07,635.0,655.0,610.3499755859375,645.0999755859375,629.658935546875,28428
2020-12-08,646.0,665.0,623.0,627.9000244140625,612.8706665039062,28219
2020-12-09,649.0,665.0,633.7999877929688,655.1500244140625,639.4683837890625,19032
2020-12-10,655.1500244140625,715.0,643.0999755859375,698.25,681.5367431640625,78287
2020-12-11,709.4500122070312,819.7000122070312,705.0,792.2000122070312,773.238037109375,137891
2020-12-14,795.0,839.2000122070312,753.5499877929688,824.0,804.2767944335938,94187
2020-12-15,825.0,825.0,782.3499755859375,793.3499755859375,774.3604125976562,33623
2020-12-16,783.5999755859375,802.0,762.0,771.5,753.033447265625,25411
2020-12-17,762.0,787.0,742.0,748.0999755859375,730.1935424804688,21721
2020-12-18,774.0,774.0,728.5,731.4500122070312,713.942138671875,15347
2020-12-21,747.0,747.0,669.5999755859375,679.4500122070312,663.186767578125,32472
2020-12-22,645.5,709.9500122070312,645.5,702.7999877929688,685.9778442382812,26546
2020-12-23,697.0,768.0,697.0,725.1500244140625,707.7929077148438,34095
2020-12-24,725.0,745.0,700.0,724.2000122070312,706.8656616210938,22011
2020-12-28,726.5499877929688,745.2000122070312,720.0499877929688,726.7999877929688,709.4033813476562,15165
2020-12-29,730.0,730.0,712.5,717.9500122070312,700.7651977539062,10661
2020-12-30,727.0,727.0,705.6500244140625,715.2999877929688,698.1786499023438,9173
2020-12-31,723.9000244140625,751.0,706.4500122070312,742.3499755859375,724.5811767578125,25371
2021-01-01,740.0,740.0499877929688,718.2999877929688,721.9500122070312,704.6694946289062,11091
2021-01-04,721.0,734.9000244140625,713.0,721.9000244140625,704.6206665039062,12734
2021-01-05,728.0,733.0,715.0,717.8499755859375,700.6676025390625,13800
2021-01-06,717.9000244140625,722.9000244140625,708.25,711.7000122070312,694.6648559570312,13971
2021-01-07,720.0,824.0,715.5,759.0499877929688,740.8814086914062,88252
2021-01-08,770.0,770.9500122070312,717.5999755859375,725.0999755859375,707.7440185546875,24508
2021-01-11,734.5499877929688,739.9500122070312,715.0,728.2000122070312,710.7698974609375,28183
2021-01-12,720.0499877929688,750.0,720.0499877929688,735.25,717.651123046875,21682
2021-01-13,734.5499877929688,740.5999755859375,721.2000122070312,725.25,707.8905029296875,15170
2021-01-14,723.5,735.0,716.9500122070312,727.6500244140625,710.2330932617188,14960
2021-01-15,738.0,740.0,718.9500122070312,726.0999755859375,708.7201538085938,12672
2021-01-18,718.0999755859375,780.0,707.2000122070312,762.9500122070312,744.6881103515625,71409
2021-01-19,770.0,777.9500122070312,736.0,741.9000244140625,724.1419677734375,38850
2021-01-20,741.9000244140625,753.0,716.0,728.4500122070312,711.013916015625,18544
2021-01-21,723.2000122070312,753.0,723.2000122070312,740.7000122070312,722.970703125,23894
2021-01-22,733.2999877929688,735.25,714.5,720.8499755859375,703.5957641601562,15235
2021-01-25,730.0,730.0,702.25,707.2999877929688,690.3701171875,7931
2021-01-27,700.0,713.5999755859375,691.0,697.6500244140625,680.951171875,17031
2021-01-28,695.0,729.25,688.6500244140625,721.5,704.230224609375,19085
2021-01-29,725.0,728.0,702.3499755859375,708.8499755859375,691.8829956054688,11700
2021-02-01,667.0,668.7999877929688,570.4000244140625,595.1500244140625,580.904541015625,311432
2021-02-02,613.8499755859375,631.0,603.0999755859375,615.4500122070312,600.7186889648438,42538
2021-02-03,624.9000244140625,624.9000244140625,595.0,596.7000122070312,582.41748046875,69247
2021-02-04,601.0,614.0,595.0999755859375,604.1500244140625,589.6891479492188,31299
2021-02-05,608.4000244140625,608.4000244140625,591.5499877929688,593.5,579.2940063476562,22778
2021-02-08,608.0,648.4000244140625,590.0,628.4000244140625,613.3587036132812,78083
2021-02-09,632.0,641.2000122070312,625.0,629.7000122070312,614.6276245117188,21596
2021-02-10,626.6500244140625,655.0,607.25,615.9500122070312,601.2067260742188,95761
2021-02-11,638.0,677.9500122070312,634.1500244140625,658.0999755859375,642.3477783203125,100533
2021-02-12,675.0,675.0,641.25,648.8499755859375,633.3191528320312,31376
2021-02-15,660.0,660.0,637.25,643.5,628.0972290039062,25660
2021-02-16,657.0,657.0,632.5499877929688,637.0499877929688,621.8016357421875,16152
2021-02-17,644.0,647.0,620.0,642.7999877929688,627.4140014648438,30177
2021-02-18,648.0,648.0,625.0,629.0499877929688,613.9931030273438,15139
2021-02-19,629.9000244140625,639.0,620.0,624.25,609.3079833984375,19257
2021-02-22,624.25,634.0,605.0,611.25,596.6192016601562,17072
2021-02-23,611.25,628.9000244140625,605.2999877929688,610.5999755859375,595.9847412109375,26730
2021-02-24,608.5,710.0,608.5,648.0999755859375,632.5870971679688,363607
2021-02-25,658.0,663.0,630.0,650.2999877929688,634.7344970703125,49379
2021-02-26,630.0,655.0,629.0,650.7999877929688,635.2224731445312,46013
2021-03-01,650.7999877929688,654.8499755859375,637.4000244140625,639.6500244140625,624.3394165039062,56192
2021-03-02,640.0,653.6500244140625,638.0499877929688,651.0499877929688,635.4664916992188,99310
2021-03-03,654.0,659.7000122070312,638.0999755859375,646.75,631.2694702148438,80493
2021-03-04,646.0,653.9000244140625,638.25,649.0999755859375,633.5631713867188,40297
2021-03-05,650.0,650.0,640.0999755859375,642.1500244140625,626.7796020507812,101061
2021-03-08,645.0,649.2000122070312,637.8499755859375,638.8499755859375,623.5585327148438,39193
2021-03-09,640.0,646.3499755859375,635.0499877929688,640.2000122070312,624.8762817382812,28866
2021-03-10,645.0,647.0,630.5499877929688,641.25,625.901123046875,85426
2021-03-12,649.0,649.7999877929688,630.0,633.4500122070312,618.287841796875,28852
2021-03-15,632.0,638.0,626.75,631.5,616.384521484375,18778
2021-03-16,631.5,636.0,622.4000244140625,630.6500244140625,615.5548095703125,20966
2021-03-17,632.0,639.9000244140625,610.6500244140625,618.5,603.6956176757812,11277
2021-03-18,630.0,630.0,595.5499877929688,599.8499755859375,585.4920654296875,13367
2021-03-19,600.0,600.0,548.0,576.9500122070312,563.1401977539062,47483
2021-03-22,580.0,595.0499877929688,575.0,588.5999755859375,574.5112915039062,44241
2021-03-23,589.0,604.9500122070312,578.0,588.4000244140625,574.316162109375,19017
2021-03-24,597.0,599.0,583.0,589.4500122070312,575.3410034179688,60207
2021-03-25,588.6500244140625,593.75,572.9500122070312,582.0499877929688,568.1180419921875,51667
2021-03-26,585.0999755859375,598.0,569.0,571.8499755859375,558.1622314453125,15424
2021-03-30,580.0,585.1500244140625,556.1500244140625,570.2999877929688,556.6493530273438,37439
2021-03-31,565.0499877929688,571.0,556.6500244140625,570.25,556.6005249023438,38743
2021-04-01,585.0,609.0,573.0,583.6500244140625,569.6798095703125,32645
2021-04-05,575.0499877929688,594.0,555.0,567.9000244140625,554.3068237304688,15930
2021-04-06,575.0,583.9000244140625,562.2999877929688,563.9000244140625,550.402587890625,14061
2021-04-07,572.0,596.9000244140625,552.6500244140625,590.7000122070312,576.5610961914062,47214
2021-04-08,590.7000122070312,612.0,577.2000122070312,586.7999877929688,572.75439453125,29431
2021-04-09,581.0,605.0,572.9500122070312,592.6500244140625,578.4644165039062,25189
2021-04-12,585.0999755859375,585.0999755859375,552.9500122070312,558.5499877929688,545.1806030273438,21547
2021-04-13,560.0,572.7999877929688,555.5499877929688,564.5499877929688,551.0369873046875,14431
2021-04-15,552.4000244140625,571.7000122070312,552.4000244140625,565.2000122070312,551.6714477539062,5392
2021-04-16,566.25,598.8499755859375,564.6500244140625,580.4500122070312,566.556396484375,21368
2021-04-19,566.0999755859375,574.5499877929688,551.4000244140625,562.3499755859375,548.8895874023438,32916
2021-04-20,562.3499755859375,579.7000122070312,559.5999755859375,563.8499755859375,550.3536987304688,70716
2021-04-22,562.0,564.0,555.0,559.6500244140625,546.2543334960938,21440
2021-04-23,567.5,598.7000122070312,557.75,573.6500244140625,559.919189453125,44327
2021-04-26,575.2000122070312,597.7000122070312,575.2000122070312,593.5,579.2940063476562,40082
2021-04-27,595.0,609.0,578.0,588.9000244140625,574.80419921875,26996
2021-04-28,597.7999877929688,624.9000244140625,590.0,602.25,587.8345947265625,70129
2021-04-29,608.9500122070312,613.75,583.0,586.1500244140625,572.1199951171875,19035
2021-04-30,575.0499877929688,599.0,573.3499755859375,577.4500122070312,563.6282348632812,22223
2021-05-03,575.0,592.0,563.0499877929688,589.3499755859375,575.243408203125,19224
2021-05-04,582.1500244140625,592.75,565.0,576.2000122070312,562.4081420898438,33363
2021-05-05,580.25,589.0,570.6500244140625,582.0999755859375,568.1668701171875,23320
2021-05-06,588.0,605.75,574.5999755859375,583.0,569.0453491210938,44481
2021-05-07,587.0,591.5,568.0999755859375,572.9500122070312,559.2359619140625,46258
2021-05-10,579.0,601.0,576.0,588.0999755859375,574.0232543945312,38521
2021-05-11,590.0,607.0,585.7000122070312,601.9000244140625,587.4930419921875,52383
2021-05-12,609.5999755859375,649.9500122070312,605.0499877929688,638.5999755859375,623.3145141601562,156886
2021-05-14,648.0,715.0,633.0,673.5,657.379150390625,672001
2021-05-17,688.0,696.0,642.9000244140625,663.7999877929688,647.911376953125,112924
2021-05-18,669.0,675.0,641.7999877929688,648.9000244140625,633.3680419921875,77508
2021-05-19,652.0,655.0,636.25,644.5,629.0733032226562,51081
2021-05-20,651.0,651.0,635.5499877929688,639.8499755859375,624.5346069335938,63942
2021-05-21,646.0,665.8499755859375,643.0,651.9500122070312,636.344970703125,70484
2021-05-24,659.7000122070312,684.0,640.8499755859375,676.4500122070312,660.2586059570312,160095
2021-05-25,681.0999755859375,774.0,672.75,731.0,713.5028686523438,499878
2021-05-26,737.2999877929688,793.7999877929688,733.0,771.1500244140625,752.6918334960938,219427
2021-05-27,777.0,812.0,731.2999877929688,755.2999877929688,737.2212524414062,149100
2021-05-28,759.7000122070312,782.0,726.9500122070312,739.0,721.3114013671875,86478
2021-05-31,750.0,813.0,750.0,793.25,774.2628784179688,216401
2021-06-01,798.0,845.0,786.5499877929688,838.0,817.9417724609375,229670
2021-06-02,845.0,907.0,829.75,888.25,866.9888916015625,618632
2021-06-03,950.0,974.0,916.0,924.2000122070312,902.0784912109375,593446
2021-06-04,925.0,939.0,882.9000244140625,892.2000122070312,870.8443603515625,161844
2021-06-07,909.9000244140625,931.9000244140625,870.3499755859375,898.4000244140625,876.89599609375,104233
2021-06-08,902.0,910.0,885.0,895.5,874.0653686523438,67886
2021-06-09,896.0,905.0,878.0999755859375,882.8499755859375,861.7181396484375,51115
2021-06-10,882.0,910.0,882.0,900.7000122070312,879.1409301757812,50665
2021-06-11,910.0,910.0,882.0999755859375,888.7000122070312,867.4281616210938,33267
2021-06-14,909.0,909.0,877.0,881.25,860.1565551757812,44018
2021-06-15,884.0,900.0,878.0999755859375,888.9000244140625,867.6234130859375,32617
2021-06-16,884.0,895.0,864.5499877929688,871.7000122070312,850.8350830078125,42878
2021-06-17,868.0,881.9000244140625,860.9000244140625,871.8499755859375,850.9814453125,19373
2021-06-18,877.0499877929688,882.0,810.1500244140625,850.0499877929688,829.7032470703125,46326
2021-06-21,834.0,884.0,830.1500244140625,871.5999755859375,850.7374877929688,33838
2021-06-22,870.0,885.0,856.0499877929688,862.9000244140625,842.2457885742188,20595
2021-06-23,860.0499877929688,909.0,858.0,889.7999877929688,868.5018920898438,68858
2021-06-24,898.0,900.0,864.0499877929688,868.0,847.2236938476562,30893
2021-06-25,873.0,876.0,850.0,870.4500122070312,849.6150512695312,23273
2021-06-28,888.0,895.0,868.0499877929688,878.0999755859375,857.0818481445312,38682
2021-06-29,879.0,900.0499877929688,872.7999877929688,883.9000244140625,862.7431030273438,44104
2021-06-30,892.5,893.0499877929688,860.0,865.0,844.29541015625,56637
2021-07-01,870.0,879.9000244140625,859.8499755859375,866.4500122070312,845.7107543945312,16210
2021-07-02,869.7000122070312,877.0999755859375,851.3499755859375,868.5499877929688,847.7604370117188,28376
2021-07-05,874.9000244140625,926.25,861.7999877929688,910.7000122070312,888.9015502929688,128952
2021-07-06,915.0,920.0,877.0,881.7000122070312,860.595703125,39343
2021-07-07,877.0,898.0,875.1500244140625,885.5999755859375,864.40234375,15086
2021-07-08,886.0,895.4000244140625,869.0,870.5999755859375,849.7614135742188,22922
2021-07-09,895.0,895.0,865.0999755859375,867.3499755859375,846.5892333984375,31918
2021-07-12,878.6500244140625,898.0,870.8499755859375,884.0499877929688,862.8895263671875,35368
2021-07-13,889.7000122070312,889.7000122070312,875.0,876.75,855.7642211914062,24855
2021-07-14,879.7000122070312,894.7999877929688,875.0,883.1500244140625,862.0110473632812,31417
2021-07-15,885.0,895.0,871.0499877929688,889.3499755859375,868.0626220703125,40283
2021-07-16,900.0,984.7999877929688,886.4500122070312,970.9500122070312,947.7095336914062,417196
2021-07-19,972.7000122070312,1032.699951171875,970.0,995.9500122070312,972.111083984375,316570
2021-07-20,1006.9500122070312,1025.0,977.5999755859375,989.5,965.8154907226562,126182
2021-07-22,999.0,1021.0,985.0,1002.0499877929688,978.0650024414062,68372
2021-07-23,1007.9500122070312,1019.9000244140625,961.5999755859375,969.1500244140625,945.9525756835938,66505
2021-07-26,970.0,982.9500122070312,952.1500244140625,961.4000244140625,938.3880004882812,72917
2021-07-27,967.8499755859375,985.0,926.0,931.8499755859375,909.5452880859375,135601
2021-07-28,931.0,1067.0,925.0,1043.0,1018.0348510742188,511519
2021-07-29,1059.949951171875,1074.800048828125,1022.0,1039.5999755859375,1014.7162475585938,112515
2021-07-30,1039.0,1076.0,1021.5999755859375,1027.75,1003.14990234375,92839
2021-08-02,1039.699951171875,1049.75,1021.6500244140625,1036.050048828125,1011.2513427734375,42343
2021-08-03,1044.0,1070.0,1023.0,1043.0,1018.0348510742188,50270
2021-08-04,1044.0,1057.0,988.0,1000.5999755859375,976.6497192382812,51153
2021-08-05,1007.7999877929688,1027.0,972.3499755859375,1010.3499755859375,986.1663818359375,53620
2021-08-06,1018.0,1023.0,1000.0,1006.9000244140625,982.7990112304688,20142
2021-08-09,1008.0,1014.75,980.0,991.2000122070312,974.2477416992188,35115
2021-08-10,1007.0,1007.0,921.1500244140625,958.7000122070312,942.3035888671875,56283
2021-08-11,950.0,980.0,890.0,962.4500122070312,945.989501953125,74816
2021-08-12,982.9500122070312,1040.0,965.0,1027.800048828125,1010.2218627929688,65885
2021-08-13,1040.0,1045.9000244140625,995.0,1000.2999877929688,983.192138671875,34307
2021-08-16,983.0,1030.0,975.0499877929688,1004.5499877929688,987.369384765625,28148
2021-08-17,995.0999755859375,1037.699951171875,981.0,1013.4000244140625,996.068115234375,48240
2021-08-18,1015.0,1034.949951171875,994.4000244140625,1005.3499755859375,988.1557006835938,25665
2021-08-20,1000.0,1000.0,955.0,964.3499755859375,947.85693359375,35567
2021-08-23,964.3499755859375,980.8499755859375,923.0,934.4500122070312,918.4683227539062,34584
2021-08-24,935.0,964.9500122070312,920.0499877929688,942.7999877929688,926.675537109375,30191
2021-08-25,945.0,976.5999755859375,945.0,963.4000244140625,946.9232788085938,19508
2021-08-26,969.9500122070312,981.0499877929688,944.5999755859375,951.2000122070312,934.931884765625,24923
2021-08-27,943.0,965.0,942.3499755859375,948.25,932.0323486328125,23070
2021-08-30,952.25,988.0,952.25,973.1500244140625,956.5065307617188,24677
2021-08-31,974.9500122070312,1016.7999877929688,965.0,1011.4500122070312,994.1514282226562,51877
2021-09-01,1013.0,1015.0499877929688,985.0,990.2000122070312,973.264892578125,12670
2021-09-02,982.0,1010.0,978.7000122070312,999.2999877929688,982.209228515625,15214
2021-09-03,1003.9500122070312,1021.4500122070312,994.9500122070312,1003.3499755859375,986.18994140625,18322
2021-09-06,1005.0,1031.5,981.0499877929688,1000.7999877929688,983.6835327148438,24216
2021-09-07,1000.0,1024.699951171875,995.0,1006.2000122070312,988.9912719726562,14985
2021-09-08,1015.0,1020.0,996.2000122070312,1008.0,990.7604370117188,22683
2021-09-09,1000.0499877929688,1084.0,1000.0499877929688,1051.5999755859375,1033.61474609375,80115
2021-09-13,1058.9000244140625,1110.5999755859375,1034.6500244140625,1072.0,1053.6658935546875,76984
2021-09-14,1083.800048828125,1108.300048828125,1036.9000244140625,1092.4000244140625,1073.7169189453125,40658
2021-09-15,1105.0,1111.949951171875,1068.0,1098.6500244140625,1079.860107421875,48214
2021-09-16,1082.0,1110.0,1068.0,1074.3499755859375,1055.9757080078125,28976
2021-09-17,1093.0,1093.0,1028.3499755859375,1051.3499755859375,1033.3690185546875,36650
2021-09-20,1039.0,1049.949951171875,906.7999877929688,964.25,947.7586669921875,91589
2021-09-21,964.25,984.9500122070312,927.2000122070312,970.25,953.6560668945312,37836
2021-09-22,970.0,1013.5999755859375,970.0,983.5,966.6795043945312,18744
2021-09-23,998.7000122070312,1006.1500244140625,977.1500244140625,984.6500244140625,967.809814453125,19306
2021-09-24,985.0,994.7999877929688,954.0,965.0499877929688,948.5449829101562,18023
2021-09-27,969.0,983.6500244140625,929.0999755859375,960.1500244140625,943.7288208007812,52620
2021-09-28,954.1500244140625,968.0,932.0,953.4500122070312,937.1434326171875,17610
2021-09-29,950.0,954.0,933.0,948.0999755859375,931.8848876953125,16800
2021-09-30,955.0,966.2999877929688,945.0,958.6500244140625,942.2545166015625,16313
2021-10-01,950.0,959.0,940.6500244140625,946.0,929.82080078125,13502
2021-10-04,955.0999755859375,974.9000244140625,945.0,969.75,953.1646728515625,20001
2021-10-05,970.0,990.0,954.7999877929688,976.4000244140625,959.700927734375,20558
2021-10-06,976.4000244140625,979.0,956.0,963.0499877929688,946.5792236328125,11228
2021-10-07,966.5499877929688,990.25,961.5499877929688,980.75,963.9765014648438,19321
2021-10-08,990.0,1004.9000244140625,972.0999755859375,979.0999755859375,962.3546752929688,26240
2021-10-11,979.0999755859375,1000.2000122070312,964.0999755859375,967.6500244140625,951.1005859375,32207
2021-10-12,975.0,984.1500244140625,950.3499755859375,961.4000244140625,944.9574584960938,18242
2021-10-13,961.4000244140625,980.0999755859375,954.0,964.5999755859375,948.1026611328125,23724
2021-10-14,974.0,999.8499755859375,950.0,976.4500122070312,959.75,23222
2021-10-18,976.4500122070312,985.0,956.25,959.9000244140625,943.4830932617188,12096
2021-10-19,962.0,989.7999877929688,954.2000122070312,971.9000244140625,955.27783203125,29449
2021-10-20,962.0,974.4500122070312,926.0,946.6500244140625,930.459716796875,23889
2021-10-21,933.2000122070312,969.0499877929688,925.5,933.5,917.5345458984375,20935
2021-10-22,945.0,948.0,920.25,932.5,916.5516967773438,12045
2021-10-25,944.0,944.7999877929688,901.1500244140625,929.9500122070312,914.0453491210938,23430
2021-10-26,930.0,974.0,923.25,954.4000244140625,938.0771484375,17179
2021-10-27,979.0,1110.0,945.25,1037.3499755859375,1019.6084594726562,310002
2021-10-28,1045.3499755859375,1065.0,991.0499877929688,1007.5999755859375,990.3672485351562,57045
2021-10-29,1014.0,1036.9000244140625,965.0,1011.7000122070312,994.3971557617188,50856
2021-11-01,1002.0,1073.8499755859375,1002.0,1064.1500244140625,1045.9500732421875,41614
2021-11-02,1068.949951171875,1071.0,1037.0,1040.5,1022.70458984375,14636
2021-11-03,1048.0,1075.050048828125,1041.75,1057.3499755859375,1039.266357421875,21960
2021-11-04,1067.699951171875,1072.1500244140625,1042.0,1052.800048828125,1034.7943115234375,4042
2021-11-08,1053.9000244140625,1160.6500244140625,1053.9000244140625,1102.75,1083.889892578125,128537
2021-11-09,1103.0,1118.4000244140625,1055.0,1065.8499755859375,1047.62109375,37839
2021-11-10,1048.0,1064.0,1039.0,1044.0,1026.144775390625,22149
2021-11-11,1045.0,1061.75,1038.8499755859375,1048.5999755859375,1030.666015625,12741
2021-11-12,1053.699951171875,1056.6500244140625,1030.0,1039.75,1021.9674072265625,12583
2021-11-15,1032.25,1062.8499755859375,1022.0,1053.75,1035.7279052734375,20337
2021-11-16,1048.25,1114.949951171875,1043.75,1082.9000244140625,1064.37939453125,39587
2021-11-17,1092.0,1092.0,1050.0,1065.4000244140625,1047.1787109375,20534
2021-11-18,1056.0,1084.800048828125,992.3499755859375,1013.5499877929688,996.2155151367188,33560
2021-11-22,1024.699951171875,1025.0,980.3499755859375,990.5,973.5597534179688,20619
2021-11-23,981.1500244140625,1028.3499755859375,981.1500244140625,1013.4500122070312,996.1172485351562,11394
2021-11-24,1018.0,1023.5499877929688,1005.0,1015.0,997.6407470703125,14042
2021-11-25,1018.5499877929688,1048.050048828125,1013.0,1025.5999755859375,1008.0593872070312,14406
2021-11-26,1020.0,1023.0,960.0499877929688,969.8499755859375,953.2628784179688,20129
2021-11-29,981.0,981.0,923.8499755859375,942.7999877929688,926.675537109375,25588
2021-11-30,945.0,1002.7999877929688,942.7999877929688,983.3499755859375,966.531982421875,27740
2021-12-01,993.0,1010.4000244140625,963.0,987.3499755859375,970.4635620117188,19031
2021-12-02,990.0499877929688,1020.7000122070312,986.3499755859375,1010.7999877929688,993.5125732421875,13348
2021-12-03,1019.25,1025.0,997.6500244140625,1000.1500244140625,983.044677734375,12012
2021-12-06,1009.9500122070312,1009.9500122070312,975.0,982.25,965.4508056640625,19559
2021-12-07,985.0,1060.0,980.2000122070312,988.4000244140625,971.4956665039062,5830
2021-12-08,998.0,1015.0,978.0,1000.4000244140625,983.2904052734375,7699
2021-12-09,1001.0,1050.050048828125,989.1500244140625,1016.4500122070312,999.06591796875,15716
2021-12-10,1026.449951171875,1049.0,1006.5499877929688,1017.9000244140625,1000.4911499023438,9793
2021-12-13,1020.0,1071.0,1011.0,1048.6500244140625,1030.7152099609375,23877
2021-12-14,1043.0,1053.050048828125,1026.0,1035.5,1017.7900390625,9295
2021-12-15,1050.0,1103.550048828125,1030.449951171875,1083.699951171875,1065.1656494140625,54943
2021-12-16,1095.0,1097.449951171875,1050.0,1079.0999755859375,1060.6444091796875,21693
2021-12-17,1089.0999755859375,1089.0999755859375,1027.0999755859375,1036.300048828125,1018.576416015625,12628
2021-12-20,1026.300048828125,1032.3499755859375,983.1500244140625,1008.4000244140625,991.1536254882812,21890
2021-12-21,1010.0,1040.75,1003.0999755859375,1013.0499877929688,995.7240600585938,17325
2021-12-22,1023.0,1036.1500244140625,1014.7000122070312,1025.0,1007.4696655273438,6232
2021-12-23,1024.949951171875,1038.0999755859375,1013.2000122070312,1018.0999755859375,1000.6876220703125,24652
2021-12-24,1015.0,1026.4000244140625,1005.0999755859375,1012.7999877929688,995.4783325195312,16395
2021-12-27,1032.0,1032.0,1005.0,1009.9500122070312,992.6770629882812,6473
2021-12-28,1009.9500122070312,1034.9000244140625,975.0999755859375,1014.9500122070312,997.5916137695312,21945
2021-12-29,1017.0499877929688,1047.6500244140625,1009.0,1024.0999755859375,1006.5850830078125,49454
2021-12-30,1029.9000244140625,1060.0,1005.0,1010.5999755859375,993.3159790039062,26071
2021-12-31,1001.0,1025.800048828125,1001.0,1013.5,996.1663818359375,12525
2022-01-03,1014.0,1028.800048828125,1013.1500244140625,1018.8499755859375,1001.4248657226562,7561
2022-01-04,1016.2999877929688,1035.0,996.0,1000.5499877929688,983.4378051757812,18586
2022-01-05,1000.5499877929688,1029.9000244140625,1000.0,1017.5499877929688,1000.1470947265625,13765
2022-01-06,1007.0,1026.0,1001.0,1015.25,997.8864135742188,8503
2022-01-07,1015.0999755859375,1045.4000244140625,1015.0999755859375,1034.6500244140625,1016.9546508789062,19329
2022-01-10,1044.0,1065.0,1027.050048828125,1040.0999755859375,1022.3114013671875,28688
2022-01-11,1045.0,1072.0,1040.050048828125,1049.5999755859375,1031.64892578125,22950
2022-01-12,1056.0,1076.300048828125,1039.0999755859375,1046.0,1028.110595703125,19361
2022-01-13,1060.0,1228.75,1046.5999755859375,1203.0999755859375,1182.523681640625,296928
2022-01-14,1200.0,1200.0,1150.1500244140625,1166.0999755859375,1146.1563720703125,86085
2022-01-17,1189.9000244140625,1236.949951171875,1166.0,1187.9000244140625,1167.5836181640625,89274
2022-01-18,1195.0,1199.8499755859375,982.0,991.2999877929688,974.3460693359375,334364
2022-01-19,990.0,1014.8499755859375,975.0,978.5999755859375,961.8632202148438,79371
2022-01-20,983.0,998.4500122070312,979.5,984.7000122070312,967.8589477539062,30393
2022-01-21,980.0,985.0,950.0,953.5499877929688,937.2416381835938,30530
2022-01-24,960.0,960.0,913.2000122070312,929.0,913.111572265625,35585
2022-01-25,910.0499877929688,940.0,910.0499877929688,920.0,904.2655029296875,28017
2022-01-27,918.0,937.75,910.0999755859375,919.0,903.2825927734375,20118
2022-01-28,914.4000244140625,953.0,901.0,911.0,895.4193725585938,19610
2022-01-31,929.0,929.0,915.0,919.6500244140625,903.9215087890625,8104
2022-02-01,924.0999755859375,977.0,920.2000122070312,926.7999877929688,910.9491577148438,73470
2022-02-02,931.0,963.8499755859375,931.0,944.0999755859375,927.9533081054688,34159
2022-02-03,946.0,952.0,931.0,934.4500122070312,918.4683227539062,9335
2022-02-04,944.0,944.0,922.0499877929688,924.9500122070312,909.130859375,7304
2022-02-07,937.0,938.0,904.0,926.7999877929688,910.9491577148438,29457
2022-02-08,938.0,938.0,892.3499755859375,914.9000244140625,899.2527465820312,19146
2022-02-09,904.2000122070312,928.1500244140625,904.0,913.2999877929688,897.6800537109375,16072
2022-02-10,925.0,925.0,907.4000244140625,914.7999877929688,899.1544189453125,6656
2022-02-11,916.0,916.0,889.9500122070312,899.2000122070312,883.8212280273438,17852
2022-02-14,875.0499877929688,887.7000122070312,831.6500244140625,835.5999755859375,821.3089599609375,32184
2022-02-15,836.2000122070312,867.5999755859375,835.5999755859375,846.5499877929688,832.0716552734375,15017
2022-02-16,867.5999755859375,898.0,858.9500122070312,883.9500122070312,868.8320922851562,27140
2022-02-17,892.0,898.75,850.0499877929688,856.2000122070312,841.556640625,12346
2022-02-18,864.0499877929688,872.0,858.0,861.6500244140625,846.9134521484375,6768
2022-02-21,840.0499877929688,859.0,823.2000122070312,832.9000244140625,818.6551513671875,15844
2022-02-22,810.0,828.0,800.0,817.4500122070312,803.4694213867188,23414
2022-02-23,840.0,846.4000244140625,823.7000122070312,831.5,817.279052734375,9123
2022-02-24,801.0,812.2999877929688,761.0,777.4000244140625,764.1043090820312,39126
2022-02-25,777.4000244140625,828.9000244140625,777.4000244140625,813.0499877929688,799.1446533203125,16229
2022-02-28,803.0,858.0,773.25,846.7999877929688,832.3173828125,26764
2022-03-02,830.0,843.8499755859375,822.0499877929688,828.0499877929688,813.8880615234375,9347
2022-03-03,838.0,844.7999877929688,815.0499877929688,830.9500122070312,816.7384643554688,9128
2022-03-04,815.0,831.5499877929688,800.4000244140625,818.0499877929688,804.0591430664062,9294
2022-03-07,800.0,804.0,761.0,775.2000122070312,761.9419555664062,37361
2022-03-08,785.0,800.0,778.7000122070312,790.9000244140625,777.3734741210938,10193
2022-03-09,800.0,807.7999877929688,793.5,801.1500244140625,787.4481811523438,11193
2022-03-10,811.0,839.0,811.0,832.0499877929688,817.8196411132812,11115
2022-03-11,825.5,832.4500122070312,813.5499877929688,821.1500244140625,807.1060791015625,14024
2022-03-14,822.0,837.9500122070312,809.7999877929688,825.25,811.135986328125,13936
2022-03-15,826.0,896.0,820.2999877929688,850.4500122070312,835.9049682617188,111133
2022-03-16,860.0,876.0,840.0499877929688,846.9500122070312,832.46484375,15380
2022-03-17,869.9500122070312,869.9500122070312,848.75,852.0,837.428466796875,11804
2022-03-21,852.0,859.5999755859375,840.3499755859375,855.25,840.6228637695312,14220
2022-03-22,845.0,873.4500122070312,830.75,841.7000122070312,827.3046264648438,13358
2022-03-23,851.0,860.0,836.1500244140625,839.9500122070312,825.5845947265625,8043
2022-03-24,850.0,850.0,839.0,839.3499755859375,824.9948120117188,5291
2022-03-25,853.0,854.0,824.0,833.4000244140625,819.1466064453125,8010
2022-03-28,847.0,847.0,802.0,808.6500244140625,794.8198852539062,13612
2022-03-29,820.0,828.0,787.0,790.0999755859375,776.5870971679688,20245
2022-03-30,795.0499877929688,811.2000122070312,791.0,796.0999755859375,782.4844360351562,12531
2022-03-31,807.75,807.75,785.0,794.3499755859375,780.7644653320312,19883
2022-04-01,804.7000122070312,834.0,802.9500122070312,824.7000122070312,810.5953979492188,13196
2022-04-04,840.0,880.0,837.0999755859375,874.0,859.05224609375,49478
2022-04-05,870.0,883.7000122070312,861.0,879.8499755859375,864.8021240234375,11011
2022-04-06,878.0,886.9500122070312,868.0,874.9500122070312,859.9859619140625,10701
2022-04-07,875.0,900.0,865.0,892.2999877929688,877.0392456054688,26549
2022-04-08,905.0,910.9500122070312,878.5,892.4000244140625,877.1375122070312,11174
2022-04-11,889.9000244140625,903.8499755859375,871.5,891.8499755859375,876.5968627929688,15071
2022-04-12,891.8499755859375,935.9500122070312,880.0,921.0999755859375,905.3466186523438,44958
2022-04-13,929.7000122070312,936.0,910.0,912.4000244140625,896.7954711914062,10547
2022-04-18,915.0,943.7999877929688,894.9500122070312,919.4000244140625,903.67578125,23395
2022-04-19,918.4500122070312,941.2000122070312,878.1500244140625,890.9000244140625,875.6632080078125,23518
2022-04-20,909.0,909.0,865.5999755859375,888.4500122070312,873.2550659179688,20602
2022-04-21,892.0999755859375,905.0,885.0,890.5499877929688,875.3191528320312,4399
2022-04-22,890.0,914.0,887.0499877929688,904.5499877929688,889.0797119140625,30543
2022-04-25,910.0,917.0,878.9000244140625,888.0499877929688,872.8618774414062,25294
2022-04-26,896.7999877929688,913.0,866.0,871.5499877929688,856.6441040039062,19567
2022-04-27,871.5499877929688,882.1500244140625,865.0,872.5,857.577880859375,6202
2022-04-28,874.0,883.0,862.5,869.6500244140625,854.776611328125,7889
2022-04-29,870.0,874.1500244140625,855.9500122070312,860.0999755859375,845.389892578125,5700
2022-05-02,850.0,868.0,840.8499755859375,845.1500244140625,830.6956787109375,8073
2022-05-04,850.0,858.7000122070312,812.8499755859375,827.0499877929688,812.9051513671875,10207
2022-05-05,830.0,839.2999877929688,816.0,825.3499755859375,811.2341918945312,4377
2022-05-06,819.0,845.0,805.0499877929688,822.4000244140625,808.334716796875,10417
2022-05-09,820.0,822.5499877929688,800.0999755859375,805.5499877929688,791.7728881835938,9601
2022-05-10,813.5499877929688,818.0,772.0,779.1500244140625,765.8244018554688,10088
2022-05-11,770.0,800.0,740.0,782.8499755859375,769.4611206054688,22541
2022-05-12,770.0,815.0,741.0,794.7000122070312,781.1084594726562,17422
2022-05-13,801.0,808.3499755859375,785.0,798.3499755859375,784.696044921875,8911
2022-05-16,802.0,838.25,784.0,811.75,797.8668212890625,10308
2022-05-17,819.0,824.0,799.0,809.0,795.1638793945312,13204
2022-05-18,825.0,879.6500244140625,801.1500244140625,809.0499877929688,795.2130126953125,35735
2022-05-19,804.0,823.4500122070312,788.75,801.5499877929688,787.84130859375,8387
2022-05-20,813.0,821.9500122070312,797.0,800.9000244140625,787.202392578125,11136
2022-05-23,808.8499755859375,819.0499877929688,780.0499877929688,783.0,769.6085815429688,10314
2022-05-24,789.9500122070312,793.0,775.0,776.5999755859375,763.3179321289062,5893
2022-05-25,782.7000122070312,782.7000122070312,731.0,741.4000244140625,728.7200927734375,9057
2022-05-26,748.0,748.0,718.0,724.5,712.1090698242188,10248
2022-05-27,730.0,756.2000122070312,730.0,740.0999755859375,727.4421997070312,9055
2022-05-30,745.0,778.3499755859375,745.0,753.2000122070312,740.3182373046875,11090
2022-05-31,753.0,775.0499877929688,740.0,768.2999877929688,755.1599731445312,16286
2022-06-01,756.0,775.9500122070312,743.0,746.9000244140625,734.1259765625,18202
2022-06-02,753.7999877929688,753.7999877929688,732.2000122070312,739.75,727.0982055664062,10471
2022-06-03,758.6500244140625,769.0,715.5499877929688,730.0,717.5149536132812,21272
2022-06-06,730.0,739.4000244140625,719.5,728.7999877929688,716.3355102539062,5027
2022-06-07,728.75,739.0,720.0499877929688,722.4500122070312,710.0941162109375,12927
2022-06-08,728.7999877929688,729.5999755859375,699.0,699.7000122070312,687.7332153320312,21304
2022-06-09,706.0,706.0,668.0,671.5499877929688,660.0646362304688,40777
2022-06-10,668.6500244140625,677.7000122070312,654.0,662.5999755859375,651.2677001953125,72018
2022-06-13,658.0,658.0,618.7999877929688,620.3499755859375,609.7402954101562,49849
2022-06-14,622.0,649.6500244140625,615.9000244140625,632.4000244140625,621.584228515625,25386
2022-06-15,638.6500244140625,660.0499877929688,627.7000122070312,652.9000244140625,641.733642578125,10517
2022-06-16,657.0,674.4500122070312,637.0,655.5999755859375,644.387451171875,16401
2022-06-17,657.0,669.8499755859375,646.0,665.2000122070312,653.8232421875,12200
2022-06-20,651.0,672.9500122070312,624.0499877929688,637.2000122070312,626.3021240234375,21851
2022-06-21,660.0,674.0,625.25,665.5,654.1181030273438,10845
2022-06-22,672.0,681.9000244140625,660.0499877929688,668.7999877929688,657.3616943359375,14819
2022-06-23,678.0,686.3499755859375,669.4500122070312,683.75,672.0559692382812,7619
2022-06-24,686.0,691.9500122070312,675.0,683.0,671.3187866210938,4876
2022-06-27,697.0,697.4500122070312,683.0,690.75,678.936279296875,8688
2022-06-28,696.0,727.0,682.5499877929688,722.25,709.8975219726562,13300
2022-06-29,719.9500122070312,740.4000244140625,710.0499877929688,734.1500244140625,721.5940551757812,16928
2022-06-30,737.0,761.2000122070312,725.0499877929688,747.4000244140625,734.617431640625,20417
2022-07-01,753.0,763.2000122070312,720.3499755859375,759.0,746.01904296875,17205
2022-07-04,759.0,774.9000244140625,746.8499755859375,771.7999877929688,758.60009765625,16713
2022-07-05,771.7999877929688,780.25,749.4500122070312,760.9500122070312,747.9356689453125,26128
2022-07-06,768.5499877929688,770.0,733.1500244140625,763.7999877929688,750.7368774414062,16594
2022-07-07,748.0999755859375,781.0,748.0999755859375,777.5999755859375,764.3008422851562,13586
2022-07-08,770.0,795.0,770.0,788.1500244140625,774.6704711914062,10881
2022-07-11,798.0,802.0499877929688,765.5,774.4500122070312,761.204833984375,14563
2022-07-12,777.0,787.0999755859375,763.1500244140625,769.4500122070312,756.2903442382812,9544
2022-07-13,769.9500122070312,779.5999755859375,749.4500122070312,767.6500244140625,754.5210571289062,15482
2022-07-14,767.7999877929688,777.0,751.6500244140625,757.25,744.2989501953125,5304
2022-07-15,757.1500244140625,815.0,757.1500244140625,807.0,793.1980590820312,26164
2022-07-18,824.0,840.0,815.0999755859375,835.7999877929688,821.5055541992188,23472
2022-07-19,832.0,843.0499877929688,822.0,828.5999755859375,814.4286499023438,7911
2022-07-20,830.0,841.0999755859375,821.7000122070312,837.4500122070312,823.1273193359375,7311
2022-07-21,845.7000122070312,853.0,831.5,848.4000244140625,833.8900756835938,7869
2022-07-22,846.0,873.0,846.0,855.2999877929688,840.6720581054688,19772
2022-07-25,855.2999877929688,884.4500122070312,827.0,877.9000244140625,862.885498046875,22012
2022-07-26,870.0,880.0,853.3499755859375,859.75,845.0458984375,10087
2022-07-27,879.0,879.0,842.0,853.5499877929688,838.9519653320312,13016
2022-07-28,860.0,870.0,842.0,845.75,831.285400390625,8589
2022-07-29,854.1500244140625,873.9000244140625,840.0,868.4500122070312,861.7484741210938,19936
2022-08-01,860.0,874.4500122070312,857.0,859.4000244140625,852.768310546875,7475
2022-08-02,857.0,857.2999877929688,843.3499755859375,847.0,840.4639892578125,4129
2022-08-03,854.9000244140625,855.0,838.5,847.4000244140625,840.8609008789062,4069
2022-08-04,848.7999877929688,853.4500122070312,814.9500122070312,835.7000122070312,829.251220703125,9880
2022-08-05,821.0,860.3499755859375,821.0,850.5999755859375,844.0361938476562,9758
2022-08-08,859.0499877929688,864.9000244140625,847.0999755859375,854.7999877929688,848.2037963867188,10053
2022-08-10,802.7999877929688,837.0999755859375,798.0999755859375,809.9500122070312,803.6998901367188,47187
2022-08-11,829.0,829.0,802.5999755859375,817.7999877929688,811.4893188476562,10447
2022-08-12,821.7999877929688,857.7999877929688,819.8499755859375,838.7000122070312,832.22802734375,20372
2022-08-16,847.0499877929688,847.0499877929688,821.0,823.0999755859375,816.7484130859375,7961
2022-08-17,825.0,835.0,810.0499877929688,822.0499877929688,815.7064819335938,7118
2022-08-18,816.0,832.0499877929688,816.0,822.0999755859375,815.756103515625,5299
2022-08-19,820.0,877.4000244140625,818.2000122070312,860.2999877929688,853.661376953125,24131
2022-08-22,860.2999877929688,874.7000122070312,833.5999755859375,863.4500122070312,856.7870483398438,15898
2022-08-23,855.0,877.2999877929688,839.0,851.8499755859375,845.2765502929688,10890
2022-08-24,844.9500122070312,874.7999877929688,844.9500122070312,864.75,858.0770263671875,8115
2022-08-25,869.0,915.0,869.0,893.0,886.1090087890625,28308
2022-08-26,908.9500122070312,911.0,875.25,880.8499755859375,874.052734375,11567
2022-08-29,865.0,935.0,836.0,924.0,916.8698120117188,27240
2022-08-30,930.0,965.0,913.0,942.5999755859375,935.3262329101562,47377
2022-09-01,937.0,943.0499877929688,912.0999755859375,919.0999755859375,912.007568359375,16828
2022-09-02,925.0,942.4500122070312,884.0499877929688,891.7000122070312,884.819091796875,21536
2022-09-05,905.0,909.9500122070312,880.0499877929688,882.4000244140625,875.5908203125,10231
2022-09-06,889.8499755859375,899.9500122070312,869.9000244140625,871.9000244140625,865.171875,7721
2022-09-07,878.0,910.0,860.9500122070312,888.7000122070312,881.8422241210938,12387
2022-09-08,909.9500122070312,920.0,895.0499877929688,910.1500244140625,903.126708984375,61927
2022-09-09,930.5999755859375,954.9000244140625,915.4500122070312,940.7999877929688,933.5401611328125,32004
2022-09-12,937.25,1008.9500122070312,914.5,984.7000122070312,977.1014404296875,91353
2022-09-13,998.7000122070312,1028.949951171875,985.5,995.6500244140625,987.9669189453125,59494
2022-09-14,980.0,993.5,968.2000122070312,975.5,967.972412109375,19453
2022-09-15,971.0499877929688,992.2000122070312,956.9000244140625,983.7999877929688,976.2083129882812,23507
2022-09-16,976.0499877929688,987.0,942.4000244140625,949.2000122070312,941.8753662109375,26195
2022-09-19,950.0,956.3499755859375,926.0999755859375,932.7999877929688,925.6018676757812,9873
2022-09-20,942.0499877929688,948.9500122070312,912.5999755859375,925.8499755859375,918.7055053710938,20802
2022-09-21,935.0499877929688,939.0,911.1500244140625,917.75,910.6680297851562,11486
2022-09-22,907.0,978.0,907.0,919.2000122070312,912.1068725585938,23148
2022-09-23,920.2000122070312,927.8499755859375,904.0,906.4000244140625,899.4056396484375,7065
2022-09-26,877.0,890.7999877929688,828.0,840.2000122070312,833.7164916992188,26399
2022-09-27,856.9500122070312,878.0,834.7000122070312,842.2000122070312,835.7010498046875,6427
2022-09-28,844.6500244140625,850.75,798.5999755859375,810.4500122070312,804.196044921875,19307
2022-09-29,816.0,853.0,804.0999755859375,817.8499755859375,811.5388793945312,22152
2022-09-30,825.9500122070312,845.0,810.0,826.25,819.8740844726562,6718
2022-10-03,822.0,875.0,816.2999877929688,850.4000244140625,843.8377685546875,11931
2022-10-04,861.0,879.9000244140625,839.0,853.2999877929688,846.7153930664062,9646
2022-10-06,860.4000244140625,903.0,860.4000244140625,883.6500244140625,876.8311767578125,15805
2022-10-07,875.0,900.0,875.0,896.4000244140625,889.4827880859375,6734
2022-10-10,887.0,910.0,865.0,890.1500244140625,883.2810668945312,5214
2022-10-11,907.0,907.0,861.0,867.1500244140625,860.45849609375,3872
2022-10-12,867.1500244140625,887.9500122070312,862.25,878.9500122070312,872.16748046875,6874
2022-10-13,880.0,908.0,865.0,896.5,889.58203125,4364
2022-10-14,897.0999755859375,908.6500244140625,860.0999755859375,866.5999755859375,859.9127197265625,14101
2022-10-17,880.0,883.7999877929688,842.4000244140625,853.6500244140625,847.0626831054688,30079
2022-10-18,879.9000244140625,882.6500244140625,851.25,857.0,850.3868408203125,57729
2022-10-19,865.5,875.0,841.0,862.1500244140625,855.4971313476562,24962
2022-10-20,854.0,860.4500122070312,845.0,849.8499755859375,843.2919921875,8915
2022-10-21,850.0,863.8499755859375,844.0,850.5999755859375,844.0361938476562,9354
2022-10-24,852.0,864.7000122070312,848.2999877929688,851.2999877929688,844.7307739257812,2408
2022-10-25,859.75,860.9500122070312,840.0499877929688,842.4000244140625,835.8995361328125,5418
2022-10-27,865.0,865.0,835.0,839.1500244140625,832.6746215820312,6314
2022-10-28,847.4500122070312,847.4500122070312,837.2999877929688,840.0,833.5180053710938,3901
2022-10-31,850.0,856.6500244140625,835.6500244140625,844.5499877929688,838.0328979492188,9132
2022-11-01,845.0499877929688,848.9000244140625,835.0,842.25,835.7506713867188,8284
2022-11-02,840.0,850.0,840.0,846.0499877929688,839.5213012695312,3183
2022-11-03,842.0499877929688,887.9000244140625,842.0499877929688,849.9000244140625,843.3416137695312,7729
2022-11-04,850.6500244140625,855.9500122070312,841.0999755859375,845.25,838.7274780273438,5406
2022-11-07,853.6500244140625,860.75,843.0499877929688,849.0,842.4485473632812,4468
2022-11-09,849.0,856.4000244140625,839.9500122070312,850.4500122070312,843.8873901367188,6680
2022-11-10,858.0,880.0,845.6500244140625,870.7000122070312,863.9811401367188,12113
2022-11-11,869.9000244140625,892.0499877929688,860.0499877929688,875.5499877929688,868.7936401367188,14418
2022-11-14,875.5499877929688,884.2000122070312,850.0,874.0999755859375,867.3548583984375,14134
2022-11-15,877.9000244140625,897.4500122070312,867.0999755859375,885.6500244140625,878.8157958984375,9513
2022-11-16,890.0,944.7000122070312,875.2000122070312,930.0,922.823486328125,53459
2022-11-17,925.0,950.0,915.0499877929688,939.4500122070312,932.2006225585938,29673
2022-11-18,945.0,947.9500122070312,902.0,906.3499755859375,899.35595703125,10873
2022-11-21,924.0,924.0,861.7999877929688,863.9500122070312,857.283203125,37023
2022-11-22,872.5499877929688,884.0,858.0,865.0499877929688,858.3746948242188,9403
2022-11-23,878.0,880.3499755859375,860.8499755859375,868.0999755859375,861.401123046875,5358
2022-11-24,876.7000122070312,876.7000122070312,850.0,855.75,849.146484375,9501
2022-11-25,865.0,879.1500244140625,852.0499877929688,870.7000122070312,863.9811401367188,8802
2022-11-28,870.7000122070312,881.9500122070312,859.7999877929688,874.1500244140625,867.4044799804688,7036
2022-11-29,865.4000244140625,924.9500122070312,865.0,893.5,886.6051635742188,29404
2022-11-30,894.75,910.0,884.7000122070312,895.7999877929688,888.8873901367188,6095
2022-12-01,904.75,909.0,880.0499877929688,891.7999877929688,884.9182739257812,20798
2022-12-02,898.25,904.0,871.5999755859375,880.4500122070312,873.6558837890625,25414
2022-12-05,875.0499877929688,892.4500122070312,869.0999755859375,876.7000122070312,869.934814453125,6496
2022-12-06,887.9500122070312,897.6500244140625,878.5499877929688,889.3499755859375,882.4871826171875,9391
2022-12-07,890.0,895.75,881.0,883.5,876.6823120117188,3017
2022-12-08,890.0,894.9500122070312,884.0999755859375,889.4000244140625,882.5368041992188,3255
2022-12-09,885.0,894.8499755859375,865.0499877929688,868.5499877929688,861.84765625,6839
2022-12-12,868.0,873.8499755859375,859.9500122070312,866.6500244140625,859.96240234375,3881
2022-12-13,860.1500244140625,890.0,860.0,861.5999755859375,854.9512939453125,7378
2022-12-14,865.0,870.1500244140625,860.0,860.8499755859375,854.2070922851562,3208
2022-12-15,861.9500122070312,866.0,856.0499877929688,862.25,855.5963134765625,4989
2022-12-16,860.0,867.9500122070312,848.0,854.7000122070312,848.1046142578125,7371
2022-12-19,862.0,864.4500122070312,845.0,847.0,840.4639892578125,6209
2022-12-20,847.0,853.0499877929688,841.0,842.3499755859375,835.849853515625,7280
2022-12-21,843.9500122070312,869.0,840.0499877929688,853.7000122070312,847.1123046875,9307
2022-12-22,845.0,873.0499877929688,840.0,856.0499877929688,849.4441528320312,11313
2022-12-23,851.0,856.0,811.0,826.5999755859375,820.2213745117188,27372
2022-12-26,825.0,860.0,819.8499755859375,855.2999877929688,848.699951171875,7943
2022-12-27,863.8499755859375,874.4500122070312,848.0,855.8499755859375,849.2456665039062,18225
2022-12-28,864.2999877929688,864.2999877929688,845.0,852.0499877929688,845.4750366210938,2553
2022-12-29,860.0,863.4000244140625,841.25,847.25,840.7120361328125,11379
2022-12-30,860.0,876.0,850.4000244140625,864.7999877929688,858.1266479492188,8668
2023-01-02,876.0,888.0,858.4000244140625,882.5999755859375,875.7892456054688,25300
2023-01-03,884.9000244140625,973.5999755859375,877.6500244140625,949.8499755859375,942.5203247070312,98732
2023-01-04,965.0,978.9500122070312,931.0,936.0,928.7772216796875,54668
2023-01-05,939.0,942.1500244140625,915.0,919.7999877929688,912.7022094726562,7248
2023-01-06,914.7999877929688,956.0,914.7999877929688,931.5,924.3119506835938,23169
2023-01-09,954.9500122070312,954.9500122070312,922.25,931.5,924.3119506835938,14136
2023-01-10,930.0,943.5,920.0,924.5999755859375,917.4651489257812,9030
2023-01-11,930.0,938.75,911.0,917.4500122070312,910.370361328125,28275
2023-01-12,926.5499877929688,969.25,926.5,960.9000244140625,953.485107421875,77309
2023-01-13,960.0,993.9000244140625,935.0499877929688,951.0,943.6614379882812,219417
2023-01-16,952.25,1028.0,951.0,1001.5499877929688,993.8213500976562,178863
2023-01-17,1001.5499877929688,1009.0499877929688,961.0,964.5499877929688,957.1068725585938,45525
2023-01-18,966.5,1027.25,966.5,1019.8499755859375,1011.9801635742188,77510
2023-01-19,1020.0,1049.050048828125,1001.7000122070312,1036.5,1028.501708984375,68143
2023-01-20,1044.550048828125,1068.0,1036.0,1060.3499755859375,1052.1676025390625,75764
2023-01-23,1076.25,1085.0,1022.0,1032.5,1024.5325927734375,78081
2023-01-24,1027.0,1062.0,1022.25,1039.3499755859375,1031.3297119140625,39204
2023-01-25,1069.0,1089.0,1035.449951171875,1054.300048828125,1046.1644287109375,66490
2023-01-27,1065.0,1080.0,982.9500122070312,1015.4000244140625,1007.5645141601562,34864
2023-01-30,995.25,1045.449951171875,995.25,1033.1500244140625,1025.1776123046875,38037
2023-01-31,1049.0,1054.949951171875,1019.0499877929688,1050.449951171875,1042.343994140625,22168
2023-02-01,1050.0,1119.0999755859375,1050.0,1086.25,1077.8677978515625,148537
2023-02-02,1075.0,1148.9000244140625,1056.4000244140625,1141.050048828125,1132.2449951171875,99407
2023-02-03,1149.949951171875,1158.949951171875,1103.75,1117.0999755859375,1108.479736328125,31683
2023-02-06,1124.199951171875,1147.0,1111.6500244140625,1117.050048828125,1108.43017578125,28239
2023-02-07,1128.5999755859375,1150.0,1092.1500244140625,1130.199951171875,1121.4786376953125,40405
2023-02-08,1131.0999755859375,1138.949951171875,1110.0,1113.699951171875,1105.10595703125,26466
2023-02-09,1102.0,1188.0,1102.0,1179.8499755859375,1170.7454833984375,47743
2023-02-10,1180.0,1202.8499755859375,1132.199951171875,1139.949951171875,1131.1533203125,45811
2023-02-13,1140.0,1157.050048828125,1110.050048828125,1119.3499755859375,1110.7122802734375,22857
2023-02-14,1136.1500244140625,1148.949951171875,1118.25,1130.0,1121.2801513671875,15796
2023-02-15,1130.0,1166.5,1130.0,1152.800048828125,1143.904296875,18056
2023-02-16,1152.800048828125,1163.699951171875,1130.0,1138.949951171875,1130.1610107421875,20259
2023-02-17,1135.050048828125,1147.25,1117.050048828125,1121.550048828125,1112.8953857421875,12251
2023-02-20,1125.050048828125,1143.699951171875,1124.0999755859375,1131.0999755859375,1122.3717041015625,14928
2023-02-21,1129.6500244140625,1182.9000244140625,1129.6500244140625,1164.199951171875,1155.2161865234375,28324
2023-02-22,1167.949951171875,1172.5,1136.0,1149.0999755859375,1140.2327880859375,20714
2023-02-23,1151.050048828125,1166.550048828125,1143.050048828125,1153.949951171875,1145.0452880859375,18198
2023-02-24,1164.550048828125,1229.199951171875,1151.5,1164.5,1155.513916015625,111040
2023-02-27,1172.0,1172.0,1104.1500244140625,1143.0999755859375,1134.279052734375,40156
2023-02-28,1153.9000244140625,1185.8499755859375,1129.9000244140625,1168.199951171875,1159.185302734375,28933
2023-03-01,1178.9000244140625,1181.25,1105.0,1111.699951171875,1103.121337890625,34292
2023-03-02,1120.9000244140625,1131.0999755859375,1079.0,1088.3499755859375,1079.9515380859375,25071
2023-03-03,1088.3499755859375,1115.0,1081.0999755859375,1090.949951171875,1082.531494140625,18492
2023-03-06,1095.0,1114.800048828125,1075.050048828125,1098.3499755859375,1089.8743896484375,19464
2023-03-08,1098.8499755859375,1104.75,1078.25,1096.300048828125,1087.84033203125,13475
2023-03-09,1082.0,1111.0999755859375,1077.449951171875,1079.550048828125,1071.219482421875,13835
2023-03-10,1079.0,1093.0,1050.0,1062.5999755859375,1054.4002685546875,22942
2023-03-13,1053.1500244140625,1071.25,1002.0499877929688,1015.9500122070312,1008.1102905273438,48406
2023-03-14,1015.9500122070312,1039.699951171875,988.0,1008.5,1000.7177734375,23951
2023-03-15,1018.5,1029.75,989.75,998.8499755859375,991.1422119140625,11898
2023-03-16,995.4500122070312,1003.4000244140625,960.0,977.5999755859375,970.05615234375,16597
2023-03-17,979.9000244140625,1002.5499877929688,977.9000244140625,995.5999755859375,987.9172973632812,16344
2023-03-20,1005.0999755859375,1013.6500244140625,975.0,989.1500244140625,981.51708984375,17323
2023-03-21,993.25,996.9500122070312,980.5,991.6500244140625,983.997802734375,7391
2023-03-22,997.0,997.0,973.0,977.0999755859375,969.56005859375,10785
2023-03-23,977.0999755859375,990.0,970.3499755859375,978.5,970.9492797851562,14264
2023-03-24,978.5,980.0,954.9000244140625,964.1500244140625,956.7100219726562,20906
2023-03-27,969.9500122070312,991.9000244140625,950.0499877929688,976.5999755859375,969.0639038085938,17224
2023-03-28,966.8499755859375,1013.0,966.8499755859375,988.7999877929688,981.1697387695312,16392
2023-03-29,990.25,1006.4000244140625,970.0499877929688,976.7000122070312,969.1631469726562,20067
2023-03-31,975.0,1020.0499877929688,970.0499877929688,1001.7000122070312,993.97021484375,23681
2023-04-03,1011.6500244140625,1074.0999755859375,1011.5999755859375,1064.449951171875,1056.2359619140625,19323
2023-04-05,1064.449951171875,1064.449951171875,1021.5999755859375,1039.75,1031.7265625,26260
2023-04-06,1027.300048828125,1077.0,1027.300048828125,1054.449951171875,1046.3131103515625,12551
2023-04-10,1058.5,1065.5,1024.949951171875,1028.5999755859375,1020.66259765625,16127
2023-04-11,1038.9000244140625,1043.050048828125,1014.0999755859375,1024.699951171875,1016.792724609375,10548
2023-04-12,1028.949951171875,1059.5999755859375,1014.0,1043.300048828125,1035.249267578125,13494
2023-04-13,1043.300048828125,1069.9000244140625,1043.300048828125,1047.9000244140625,1039.813720703125,11818
2023-04-17,1040.0,1095.9000244140625,1040.0,1069.9000244140625,1061.6439208984375,24343
2023-04-18,1069.9000244140625,1097.0,1067.949951171875,1092.0999755859375,1083.672607421875,12543
2023-04-19,1094.0,1123.9000244140625,1076.5,1081.050048828125,1072.7080078125,15485
2023-04-20,1091.0999755859375,1120.0,1085.0,1105.300048828125,1096.7708740234375,13246
2023-04-21,1109.4000244140625,1131.0,1078.0,1085.050048828125,1076.6771240234375,9952
2023-04-24,1092.0,1130.050048828125,1090.0,1100.199951171875,1091.7100830078125,16796
2023-04-25,1111.0,1119.1500244140625,1095.199951171875,1107.699951171875,1099.1522216796875,13952
2023-04-26,1095.0,1128.0,1094.0,1115.800048828125,1107.1898193359375,16833
2023-04-27,1115.8499755859375,1128.0,1106.050048828125,1109.5999755859375,1101.03759765625,13187
2023-04-28,1115.0,1156.949951171875,1115.0,1136.699951171875,1127.928466796875,45218
2023-05-02,1146.1500244140625,1150.0,1115.0,1121.699951171875,1113.044189453125,21362
2023-05-03,1121.5999755859375,1148.1500244140625,1120.0,1141.0,1132.1953125,12011
2023-05-04,1145.3499755859375,1180.6500244140625,1145.3499755859375,1161.75,1152.78515625,21499
2023-05-05,1168.25,1168.25,1129.0,1154.75,1145.8392333984375,13019
2023-05-08,1155.25,1165.0,1140.050048828125,1151.25,1142.3662109375,14455
2023-05-09,1154.8499755859375,1156.1500244140625,1130.550048828125,1137.0999755859375,1128.3253173828125,6826
2023-05-10,1154.1500244140625,1180.0,1139.75,1172.6500244140625,1163.60107421875,25964
2023-05-11,1175.0,1195.0,1160.0,1168.1500244140625,1159.1358642578125,14726
2023-05-12,1172.0,1268.9000244140625,1145.0,1248.5999755859375,1238.9649658203125,75541
2023-05-15,1264.949951171875,1289.449951171875,1237.0,1246.800048828125,1237.178955078125,64037
2023-05-16,1252.0,1283.050048828125,1227.050048828125,1253.5999755859375,1243.9263916015625,44471
2023-05-17,1259.0,1376.5999755859375,1197.949951171875,1298.300048828125,1288.281494140625,293974
2023-05-18,1317.0,1497.0,1317.0,1464.9000244140625,1453.595947265625,616597
2023-05-19,1475.0,1479.5,1405.0,1422.449951171875,1411.473388671875,90029
2023-05-22,1403.0,1434.949951171875,1361.0,1398.9000244140625,1388.105224609375,25897
2023-05-23,1385.0,1406.949951171875,1335.0999755859375,1348.050048828125,1337.6475830078125,18022
2023-05-24,1350.0,1399.949951171875,1349.949951171875,1377.3499755859375,1366.721435546875,15645
2023-05-25,1371.0,1381.949951171875,1312.0999755859375,1337.050048828125,1326.7325439453125,18508
2023-05-26,1325.0999755859375,1435.0,1325.0999755859375,1404.4000244140625,1393.562744140625,26910
2023-05-29,1420.0,1485.3499755859375,1399.0,1437.25,1426.1591796875,23195
2023-05-30,1464.949951171875,1490.0,1406.0,1460.0999755859375,1448.8328857421875,27097
2023-05-31,1460.0999755859375,1560.3499755859375,1436.0999755859375,1548.800048828125,1536.8485107421875,65322
2023-06-01,1556.75,1556.75,1501.199951171875,1544.0999755859375,1532.1846923828125,24435
2023-06-02,1544.0999755859375,1620.0,1544.050048828125,1581.9000244140625,1569.6929931640625,49731
2023-06-05,1597.9000244140625,1659.0,1570.0,1586.25,1574.0093994140625,51093
2023-06-06,1588.9000244140625,1625.0,1531.050048828125,1608.0999755859375,1595.6907958984375,32980
2023-06-07,1600.0999755859375,1673.949951171875,1600.0999755859375,1652.550048828125,1639.7978515625,37215
2023-06-08,1640.0,1652.699951171875,1588.5999755859375,1622.699951171875,1610.1781005859375,41453
2023-06-09,1630.0,1640.9000244140625,1597.0,1606.0,1593.6070556640625,14081
2023-06-12,1617.0,1682.949951171875,1604.5999755859375,1647.050048828125,1634.34033203125,33147
2023-06-13,1650.0,1663.949951171875,1601.0,1606.050048828125,1593.65673828125,47730
2023-06-14,1619.75,1628.4000244140625,1582.0,1614.6500244140625,1602.1903076171875,26244
2023-06-15,1619.949951171875,1652.449951171875,1611.699951171875,1638.050048828125,1625.4097900390625,19295
2023-06-16,1626.050048828125,1642.699951171875,1605.050048828125,1631.300048828125,1618.7119140625,37150
2023-06-19,1631.5,1711.0,1631.1500244140625,1662.1500244140625,1649.32373046875,41578
2023-06-20,1678.75,1695.0,1658.050048828125,1685.550048828125,1672.543212890625,18650
2023-06-21,1685.949951171875,1701.0,1656.0,1680.199951171875,1667.234375,32536
2023-06-22,1680.199951171875,1716.949951171875,1620.0,1631.449951171875,1618.860595703125,16878
2023-06-23,1630.0,1669.0,1590.300048828125,1606.0999755859375,1593.706298828125,21879
2023-06-26,1600.0,1646.4000244140625,1592.0999755859375,1619.3499755859375,1606.85400390625,13107
2023-06-27,1635.550048828125,1701.949951171875,1614.949951171875,1655.949951171875,1643.1715087890625,29491
2023-06-30,1658.0,1780.0,1639.5999755859375,1757.4000244140625,1743.8387451171875,67616
2023-07-03,1774.949951171875,1809.3499755859375,1735.0,1740.5,1727.0692138671875,40816
2023-07-04,1757.9000244140625,1757.9000244140625,1710.050048828125,1724.9000244140625,1711.589599609375,16590
2023-07-05,1720.0,1769.0,1720.0,1755.550048828125,1742.0030517578125,72151
2023-07-06,1767.0,1874.800048828125,1766.0,1863.300048828125,1848.921630859375,79862
2023-07-07,1856.050048828125,1925.9000244140625,1825.0,1838.300048828125,1824.114501953125,110718
2023-07-10,1865.9000244140625,1877.4000244140625,1835.199951171875,1854.800048828125,1840.4871826171875,18200
2023-07-11,1865.199951171875,1985.0,1865.199951171875,1957.300048828125,1942.1962890625,80148
2023-07-12,1955.0,1959.949951171875,1901.800048828125,1913.449951171875,1898.6845703125,29569
2023-07-13,1922.0,1936.449951171875,1870.050048828125,1878.5,1864.0042724609375,17355
2023-07-14,1883.0,1920.0,1848.25,1868.449951171875,1854.03173828125,54523
2023-07-17,1870.0,1907.25,1868.449951171875,1895.4000244140625,1880.77392578125,10637
2023-07-18,1917.0,1917.0,1841.0,1850.550048828125,1836.27001953125,19813
2023-07-19,1878.300048828125,1890.0,1831.1500244140625,1882.0,1867.477294921875,46837
2023-07-20,1910.0,1971.449951171875,1883.550048828125,1943.8499755859375,1928.8499755859375,71200
2023-07-21,1945.800048828125,1949.949951171875,1925.0999755859375,1933.699951171875,1933.699951171875,15492
2023-07-24,1964.949951171875,1970.5,1865.9000244140625,1893.300048828125,1893.300048828125,16621
2023-07-25,1909.0,1982.25,1890.0999755859375,1965.4000244140625,1965.4000244140625,35719
2023-07-26,1968.0,2015.0,1951.0,1964.75,1964.75,19671
2023-07-27,1964.75,1997.0,1920.550048828125,1977.550048828125,1977.550048828125,23198
2023-07-28,1977.550048828125,2044.0,1915.0,2002.800048828125,2002.800048828125,230547
2023-07-31,2035.0999755859375,2180.699951171875,2035.0999755859375,2095.300048828125,2095.300048828125,164685
2023-08-01,2129.0,2299.0,2115.550048828125,2239.300048828125,2239.300048828125,177619
2023-08-02,2279.949951171875,2279.949951171875,2139.89990234375,2175.550048828125,2175.550048828125,82426
2023-08-03,2210.0,2210.0,2068.25,2171.550048828125,2171.550048828125,68120
2023-08-04,2205.0,2205.0,2106.0,2121.60009765625,2121.60009765625,35389
2023-08-07,2142.89990234375,2210.35009765625,2090.10009765625,2150.35009765625,2150.35009765625,39613
2023-08-08,2150.35009765625,2177.949951171875,2112.25,2146.949951171875,2146.949951171875,20701
2023-08-09,2165.0,2165.0,2097.0,2113.449951171875,2113.449951171875,18662
2023-08-10,2123.0,2158.199951171875,2106.0,2111.699951171875,2111.699951171875,19366
2023-08-11,2123.0,2134.800048828125,2082.25,2094.89990234375,2094.89990234375,22906
2023-08-14,2013.3499755859375,2183.10009765625,2013.3499755859375,2108.800048828125,2108.800048828125,37584
2023-08-16,2139.949951171875,2164.0,2112.050048828125,2147.35009765625,2147.35009765625,20244
2023-08-17,2157.300048828125,2199.0,2123.0,2142.449951171875,2142.449951171875,19363
2023-08-18,2142.449951171875,2173.949951171875,2121.0,2137.75,2137.75,16274
2023-08-21,2127.0,2191.0,2127.0,2174.35009765625,2174.35009765625,21585
2023-08-22,2155.0,2240.0,2155.0,2216.800048828125,2216.800048828125,41000
2023-08-23,2216.800048828125,2244.949951171875,2185.0,2201.10009765625,2201.10009765625,23697
2023-08-24,2220.0,2230.550048828125,2182.35009765625,2217.0,2217.0,10409
2023-08-25,2194.85009765625,2221.89990234375,2140.0,2187.35009765625,2187.35009765625,23701
2023-08-28,2191.0,2214.949951171875,2130.0,2133.800048828125,2133.800048828125,26697
2023-08-29,2159.0,2160.0,2128.5,2135.699951171875,2135.699951171875,8263
2023-08-30,2136.0,2210.10009765625,2136.0,2163.800048828125,2163.800048828125,19022
2023-08-31,2195.0,2348.699951171875,2177.25,2225.14990234375,2225.14990234375,114265
2023-09-01,2239.0,2255.0,2132.75,2167.60009765625,2167.60009765625,41868
2023-09-04,2187.0,2200.449951171875,2122.5,2147.64990234375,2147.64990234375,27185
2023-09-05,2147.64990234375,2173.699951171875,2133.0,2152.10009765625,2152.10009765625,19414
2023-09-06,2159.0,2160.0,2105.0,2130.85009765625,2130.85009765625,26914
2023-09-07,2154.949951171875,2185.64990234375,2136.800048828125,2158.800048828125,2158.800048828125,20087
2023-09-08,2180.0,2195.0,2150.0,2177.5,2177.5,16629
2023-09-11,2194.0,2194.0,2112.0,2137.39990234375,2137.39990234375,25462
2023-09-12,2137.39990234375,2183.35009765625,2022.0,2071.14990234375,2071.14990234375,67877
2023-09-13,2060.0,2119.75,2031.0,2098.75,2098.75,32830
2023-09-14,2120.0,2170.0,2104.199951171875,2139.550048828125,2139.550048828125,30033
2023-09-15,2163.0,2199.14990234375,2140.0,2187.35009765625,2187.35009765625,33826
2023-09-18,2194.949951171875,2199.14990234375,2120.0,2129.39990234375,2129.39990234375,16876
2023-09-20,2140.0,2140.0,2074.300048828125,2091.60009765625,2091.60009765625,20774
2023-09-21,2118.0,2118.0,2030.25,2053.949951171875,2053.949951171875,22236
2023-09-22,2037.0,2079.699951171875,1997.75,2009.300048828125,2009.300048828125,19263
2023-09-25,2033.449951171875,2053.550048828125,1951.5999755859375,1983.4000244140625,1983.4000244140625,28140
2023-09-26,1983.0,2014.0,1972.0,1980.25,1980.25,17059
2023-09-27,1990.0,2000.0,1962.1500244140625,1967.050048828125,1967.050048828125,10568
2023-09-28,1980.0,1994.3499755859375,1940.1500244140625,1949.5,1949.5,9442
2023-09-29,1963.4000244140625,1997.0,1927.5,1982.699951171875,1982.699951171875,16319
2023-10-03,1982.699951171875,1994.949951171875,1940.949951171875,1962.3499755859375,1962.3499755859375,9849
2023-10-04,1950.050048828125,1989.0,1928.0999755859375,1959.25,1959.25,14603
2023-10-05,1970.0,1985.0,1950.0,1969.050048828125,1969.050048828125,5090
2023-10-06,1980.0,2020.0,1947.0,2002.800048828125,2002.800048828125,18836
2023-10-09,1980.0,2080.0,1944.6500244140625,2036.0,2036.0,31828
2023-10-10,2044.75,2099.0,2030.050048828125,2050.60009765625,2050.60009765625,21243
2023-10-11,2066.0,2090.35009765625,2050.10009765625,2068.75,2068.75,15997
2023-10-12,2078.0,2090.0,2035.0,2046.9000244140625,2046.9000244140625,8550
2023-10-13,2046.9000244140625,2086.85009765625,2039.449951171875,2069.85009765625,2069.85009765625,10476
2023-10-16,2071.0,2203.85009765625,2071.0,2131.14990234375,2131.14990234375,37691
2023-10-17,2139.89990234375,2160.949951171875,2096.0,2105.85009765625,2105.85009765625,18549
2023-10-18,2124.800048828125,2160.550048828125,2105.35009765625,2148.25,2148.25,14164
2023-10-19,2128.0,2173.550048828125,2120.050048828125,2157.35009765625,2157.35009765625,7058
2023-10-20,2175.0,2176.5,2101.0,2123.199951171875,2123.199951171875,9197
2023-10-23,2130.050048828125,2149.949951171875,2028.0,2106.75,2106.75,25233
2023-10-25,2117.949951171875,2132.75,2005.050048828125,2119.39990234375,2119.39990234375,37073
2023-10-26,2110.050048828125,2110.050048828125,1935.0,2015.8499755859375,2015.8499755859375,48031
2023-10-27,2010.0,2180.0,2010.0,2136.64990234375,2136.64990234375,18719
2023-10-30,2180.0,2560.0,2121.25,2459.35009765625,2459.35009765625,526070
2023-10-31,2549.0,2569.0,2433.60009765625,2462.199951171875,2462.199951171875,167026
2023-11-01,2475.449951171875,2483.949951171875,2331.199951171875,2393.85009765625,2393.85009765625,48795
2023-11-02,2419.949951171875,2489.0,2419.949951171875,2452.449951171875,2452.449951171875,42533
2023-11-03,2453.0,2493.050048828125,2445.0,2475.800048828125,2475.800048828125,29721
2023-11-06,2491.949951171875,2551.25,2478.10009765625,2506.5,2506.5,29213
2023-11-07,2516.5,2546.25,2460.0,2473.5,2473.5,17020
2023-11-08,2475.25,2505.5,2423.5,2453.75,2453.75,11616
2023-11-09,2452.85009765625,2523.800048828125,2425.0,2449.85009765625,2449.85009765625,13590
2023-11-10,2493.0,2620.0,2452.300048828125,2579.5,2579.5,57145
2023-11-13,2725.0,2771.050048828125,2685.5,2727.699951171875,2727.699951171875,27102
2023-11-15,2733.25,2828.0,2708.050048828125,2808.75,2808.75,21640
2023-11-16,2830.0,2864.949951171875,2711.300048828125,2754.35009765625,2754.35009765625,21710
2023-11-17,2761.64990234375,2833.199951171875,2654.0,2698.050048828125,2698.050048828125,19049
2023-11-20,2694.89990234375,2781.0,2679.64990234375,2754.699951171875,2754.699951171875,23499
2023-11-21,2779.0,2951.050048828125,2779.0,2889.050048828125,2889.050048828125,32919
2023-11-22,2898.64990234375,2945.0,2740.25,2774.300048828125,2774.300048828125,21393
2023-11-23,2801.0,2830.0,2715.0,2743.5,2743.5,6841
2023-11-24,2743.550048828125,2772.35009765625,2699.949951171875,2714.699951171875,2714.699951171875,5495
2023-11-28,2775.0,2775.0,2615.0,2627.449951171875,2627.449951171875,15842
2023-11-29,2630.0,2698.0,2538.64990234375,2600.699951171875,2600.699951171875,27587
2023-11-30,2620.0,2648.949951171875,2534.0,2547.550048828125,2547.550048828125,16407
2023-12-01,2557.0,2619.949951171875,2557.0,2574.60009765625,2574.60009765625,10069
2023-12-04,2679.949951171875,2700.0,2545.25,2623.449951171875,2623.449951171875,15683
2023-12-05,2649.89990234375,2657.949951171875,2553.5,2583.800048828125,2583.800048828125,14524
2023-12-06,2555.0,2586.39990234375,2487.949951171875,2518.10009765625,2518.10009765625,23094
2023-12-07,2529.949951171875,2662.0,2529.949951171875,2623.85009765625,2623.85009765625,23893
2023-12-08,2626.0,2686.35009765625,2566.0,2667.050048828125,2667.050048828125,15423
2023-12-11,2739.89990234375,2829.35009765625,2677.89990234375,2774.050048828125,2774.050048828125,29587
2023-12-12,2774.85009765625,2800.0,2692.14990234375,2732.699951171875,2732.699951171875,12461
2023-12-13,2732.699951171875,2812.0,2680.0,2773.050048828125,2773.050048828125,14342
2023-12-14,2795.0,2802.0,2726.25,2743.64990234375,2743.64990234375,6283
2023-12-15,2743.64990234375,2799.800048828125,2692.0,2724.550048828125,2724.550048828125,9622
2023-12-18,2729.949951171875,2800.0,2651.39990234375,2739.949951171875,2739.949951171875,10242
2023-12-19,2739.949951171875,2763.449951171875,2660.050048828125,2686.25,2686.25,14714
2023-12-20,2700.0,2719.35009765625,2570.0,2649.0,2649.0,19812
2023-12-21,2649.85009765625,2649.85009765625,2542.050048828125,2611.35009765625,2611.35009765625,10677
2023-12-22,2615.10009765625,2658.949951171875,2585.050048828125,2638.0,2638.0,6181
2023-12-26,2638.0,2741.25,2605.050048828125,2732.0,2732.0,22084
2023-12-27,2750.0,2759.949951171875,2685.0,2730.449951171875,2730.449951171875,12102
2023-12-28,2784.64990234375,2791.0,2700.0,2764.949951171875,2764.949951171875,11341
2023-12-29,2764.0,2764.0,2689.300048828125,2720.10009765625,2720.10009765625,11208
2024-01-01,2702.0,2725.0,2645.050048828125,2699.25,2699.25,22279
2024-01-02,2700.0,2725.949951171875,2651.0,2667.699951171875,2667.699951171875,13998
2024-01-03,2667.699951171875,2722.0,2666.199951171875,2708.800048828125,2708.800048828125,10165
2024-01-04,2719.25,2743.0,2695.050048828125,2709.35009765625,2709.35009765625,9791
2024-01-05,2724.75,2900.0,2673.199951171875,2708.449951171875,2708.449951171875,41152
2024-01-08,2710.0,2855.800048828125,2710.0,2847.5,2847.5,39436
2024-01-09,2867.550048828125,2900.0,2793.050048828125,2867.60009765625,2867.60009765625,15869
2024-01-10,2900.0,3060.0,2875.0,2903.14990234375,2903.14990234375,49506
2024-01-11,2903.050048828125,2955.0,2874.0,2938.300048828125,2938.300048828125,15351
2024-01-12,2957.14990234375,2973.949951171875,2850.0,2857.10009765625,2857.10009765625,10879
2024-01-15,2857.10009765625,2857.10009765625,2857.10009765625,2857.10009765625,2857.10009765625,0
2024-01-16,2850.0,2850.0,2700.39990234375,2770.5,2770.5,13316
