Date,Open,High,Low,Close,Adj Close,Volume
2022-04-04,477.989990234375,477.989990234375,400.0,403.70001220703125,403.70001220703125,10915
2022-04-05,439.4800109863281,439.4800109863281,387.0199890136719,399.3599853515625,399.3599853515625,8850
2022-04-06,406.239990234375,478.0,384.0,448.3299865722656,448.3299865722656,26315
2022-04-07,448.20001220703125,454.0,425.0199890136719,432.0299987792969,432.0299987792969,10080
2022-04-08,445.1300048828125,445.6000061035156,420.0199890136719,433.8900146484375,433.8900146484375,3780
2022-04-11,444.9800109863281,464.0,418.0,419.8699951171875,419.8699951171875,12345
2022-04-12,421.0,429.79998779296875,396.0,413.1300048828125,413.1300048828125,9440
2022-04-13,412.7799987792969,420.0,402.0,409.7200012207031,409.7200012207031,4435
2022-04-18,419.79998779296875,419.9800109863281,391.2099914550781,413.5899963378906,413.5899963378906,7025
2022-04-19,408.54998779296875,426.0,408.54998779296875,420.20001220703125,420.20001220703125,2640
2022-04-20,411.9800109863281,437.7900085449219,411.9800109863281,427.7099914550781,427.7099914550781,5830
2022-04-21,420.4200134277344,439.1300048828125,420.4200134277344,434.54998779296875,434.54998779296875,2100
2022-04-22,439.1300048828125,449.9800109863281,424.30999755859375,444.5799865722656,444.5799865722656,7200
2022-04-25,444.6199951171875,449.79998779296875,424.19000244140625,427.8399963378906,427.8399963378906,10415
2022-04-26,434.5799865722656,439.79998779296875,415.010009765625,430.45001220703125,430.45001220703125,4795
2022-04-27,422.0,431.5899963378906,408.80999755859375,412.6000061035156,412.6000061035156,3960
2022-04-28,404.3999938964844,427.55999755859375,397.2099914550781,400.95001220703125,400.95001220703125,27070
2022-04-29,404.1700134277344,412.0,396.6199951171875,404.80999755859375,404.80999755859375,22010
2022-05-02,405.0,416.7099914550781,395.1099853515625,412.2300109863281,412.2300109863281,3505
2022-05-04,404.1199951171875,414.4599914550781,400.0,409.2699890136719,409.2699890136719,2945
2022-05-05,404.010009765625,410.9800109863281,389.9599914550781,400.6199951171875,400.6199951171875,18930
2022-05-06,396.8900146484375,409.8999938964844,394.1000061035156,401.54998779296875,401.54998779296875,6955
2022-05-09,400.010009765625,424.0,396.0199890136719,416.1400146484375,416.1400146484375,18230
2022-05-10,413.9100036621094,416.0,394.2300109863281,401.3500061035156,401.3500061035156,5810
2022-05-11,404.79998779296875,405.8900146484375,322.0400085449219,339.8299865722656,339.8299865722656,109045
2022-05-12,334.0,345.0,308.25,314.1499938964844,314.1499938964844,27580
2022-05-13,319.79998779296875,335.2699890136719,316.0,324.45001220703125,324.45001220703125,18615
2022-05-16,328.0,350.0,320.0,343.9200134277344,343.9200134277344,12820
2022-05-17,346.760009765625,367.0,346.760009765625,358.3699951171875,358.3699951171875,5060
2022-05-18,352.3399963378906,375.20001220703125,350.7799987792969,359.9200134277344,359.9200134277344,2870
2022-05-19,352.0,360.0,346.57000732421875,350.7799987792969,350.7799987792969,7740
2022-05-20,351.0899963378906,363.989990234375,350.0,352.0400085449219,352.0400085449219,965
2022-05-23,361.7900085449219,367.989990234375,353.0199890136719,357.67999267578125,357.67999267578125,3440
2022-05-24,360.6400146484375,363.9800109863281,348.6300048828125,357.70001220703125,357.70001220703125,16560
2022-05-25,359.0400085449219,368.1600036621094,350.4200134277344,353.6700134277344,353.6700134277344,17060
2022-05-26,374.79998779296875,374.79998779296875,339.989990234375,351.80999755859375,351.80999755859375,3225
2022-05-27,349.989990234375,370.0,349.989990234375,363.3599853515625,363.3599853515625,2940
2022-05-30,379.7900085449219,404.989990234375,360.3999938964844,380.9100036621094,380.9100036621094,3315
2022-05-31,367.0,388.0,366.30999755859375,384.1600036621094,384.1600036621094,2030
2022-06-01,382.3800048828125,400.0,380.0,386.260009765625,386.260009765625,4110
2022-06-02,386.05999755859375,386.07000732421875,372.32000732421875,379.0799865722656,379.0799865722656,2100
2022-06-03,395.45001220703125,395.45001220703125,366.05999755859375,383.0,383.0,2580
2022-06-06,395.17999267578125,395.17999267578125,376.010009765625,388.1499938964844,388.1499938964844,8775
2022-06-07,384.4200134277344,387.3500061035156,378.3900146484375,386.1600036621094,386.1600036621094,6230
2022-06-08,377.2200012207031,389.0,377.0,383.0,383.0,1070
2022-06-09,376.010009765625,383.9800109863281,360.0,382.7900085449219,382.7900085449219,5805
2022-06-10,382.0199890136719,384.80999755859375,377.19000244140625,380.0899963378906,380.0899963378906,1275
2022-06-13,377.989990234375,377.989990234375,360.20001220703125,363.6700134277344,363.6700134277344,2415
2022-06-14,365.19000244140625,370.0899963378906,359.0,361.0,361.0,31690
2022-06-15,367.6300048828125,367.6300048828125,358.04998779296875,360.1199951171875,360.1199951171875,1980
2022-06-16,362.0899963378906,369.510009765625,357.79998779296875,359.8399963378906,359.8399963378906,36895
2022-06-17,350.0,388.0,350.0,371.5299987792969,371.5299987792969,5410
2022-06-20,379.989990234375,379.989990234375,340.25,346.8500061035156,346.8500061035156,84580
2022-06-21,366.0,366.0,353.20001220703125,363.19000244140625,363.19000244140625,11895
2022-06-22,366.4800109863281,369.5899963378906,359.1300048828125,360.4700012207031,360.4700012207031,29570
2022-06-23,363.0,365.4800109863281,356.260009765625,358.5400085449219,358.5400085449219,78395
2022-06-24,356.5799865722656,364.9599914550781,356.5799865722656,360.010009765625,360.010009765625,2525
2022-06-27,364.3699951171875,366.0,360.69000244140625,363.7900085449219,363.7900085449219,385
2022-06-28,361.82000732421875,368.8999938964844,361.3999938964844,362.760009765625,362.760009765625,335
2022-06-29,363.5199890136719,380.0,360.0,379.7200012207031,379.7200012207031,5040
2022-06-30,371.5199890136719,385.2699890136719,370.0,380.1600036621094,380.1600036621094,8400
2022-07-01,382.989990234375,383.0,370.0,372.75,372.75,4170
2022-07-04,366.3299865722656,389.989990234375,364.04998779296875,380.69000244140625,380.69000244140625,4990
2022-07-05,376.67999267578125,387.6000061035156,376.67999267578125,381.0199890136719,381.0199890136719,1085
2022-07-06,390.0,390.0,370.0,372.5400085449219,372.5400085449219,1460
2022-07-07,384.1400146484375,384.1400146484375,371.20001220703125,375.25,375.25,3185
2022-07-08,383.7900085449219,390.6199951171875,370.2300109863281,381.5,381.5,71015
2022-07-11,384.0,389.8500061035156,382.1600036621094,387.0799865722656,387.0799865722656,2655
2022-07-12,383.6300048828125,395.0,379.17999267578125,389.3500061035156,389.3500061035156,4820
2022-07-13,387.5799865722656,394.9800109863281,382.3900146484375,385.7900085449219,385.7900085449219,28100
2022-07-14,382.8900146484375,391.79998779296875,381.8800048828125,389.4800109863281,389.4800109863281,4200
2022-07-15,392.0799865722656,394.0,373.79998779296875,384.3800048828125,384.3800048828125,2545
2022-07-18,398.0,398.0,380.0,384.9700012207031,384.9700012207031,3195
2022-07-19,388.0,388.0,382.0,382.989990234375,382.989990234375,4845
2022-07-20,384.989990234375,385.0,375.69000244140625,381.7200012207031,381.7200012207031,5340
2022-07-21,383.0799865722656,392.8800048828125,375.0,386.25,386.25,11165
2022-07-22,392.9800109863281,392.9800109863281,385.0,390.0799865722656,390.0799865722656,3860
2022-07-25,387.17999267578125,395.0,379.4800109863281,392.04998779296875,392.04998779296875,5210
2022-07-26,383.7300109863281,392.3599853515625,381.989990234375,390.3800048828125,390.3800048828125,1900
2022-07-27,382.010009765625,391.5,380.80999755859375,390.989990234375,390.989990234375,1215
2022-07-28,388.05999755859375,389.3900146484375,385.45001220703125,386.54998779296875,386.54998779296875,875
2022-07-29,379.3900146484375,388.8599853515625,379.3900146484375,382.07000732421875,382.07000732421875,2825
2022-08-01,383.7099914550781,402.6000061035156,383.7099914550781,399.4200134277344,399.4200134277344,19780
2022-08-02,394.3800048828125,428.0,394.3800048828125,410.20001220703125,410.20001220703125,14305
2022-08-03,430.79998779296875,432.0,394.0,402.9800109863281,402.9800109863281,4115
2022-08-04,419.2099914550781,440.0,392.4200134277344,413.739990234375,413.739990234375,68650
2022-08-05,418.94000244140625,420.0,398.0,401.29998779296875,401.29998779296875,4240
2022-08-08,381.010009765625,410.0299987792969,381.010009765625,402.7900085449219,402.7900085449219,3605
2022-08-10,414.6700134277344,420.0,381.5899963378906,387.4100036621094,387.4100036621094,3605
2022-08-11,384.0,400.4100036621094,381.07000732421875,390.0299987792969,390.0299987792969,6035
2022-08-12,412.19000244140625,417.0,382.7099914550781,385.9700012207031,385.9700012207031,5760
2022-08-16,391.760009765625,395.95001220703125,377.8900146484375,384.7200012207031,384.7200012207031,3460
2022-08-17,412.989990234375,412.989990234375,380.2099914550781,397.8399963378906,397.8399963378906,4255
2022-08-18,409.6000061035156,409.6000061035156,397.8599853515625,407.69000244140625,407.69000244140625,52795
2022-08-19,399.5400085449219,411.8299865722656,388.45001220703125,400.0,400.0,26360
2022-08-22,413.80999755859375,413.80999755859375,380.20001220703125,393.8299865722656,393.8299865722656,5575
2022-08-23,397.17999267578125,402.6199951171875,379.989990234375,382.9800109863281,382.9800109863281,15330
2022-08-24,386.1099853515625,388.79998779296875,368.7200012207031,383.5,383.5,9945
2022-08-25,383.5,397.0,362.29998779296875,369.54998779296875,369.54998779296875,13700
2022-08-26,384.79998779296875,387.989990234375,369.54998779296875,378.0199890136719,378.0199890136719,10370
2022-08-29,375.989990234375,391.79998779296875,372.010009765625,388.489990234375,388.489990234375,12950
2022-08-30,393.3999938964844,393.3999938964844,382.4200134277344,390.8800048828125,390.8800048828125,4800
2022-09-01,393.79998779296875,393.79998779296875,383.3399963378906,388.44000244140625,388.44000244140625,2190
2022-09-02,384.4700012207031,392.0,380.260009765625,388.4700012207031,388.4700012207031,2850
2022-09-05,393.6700134277344,398.989990234375,380.4100036621094,386.05999755859375,386.05999755859375,7400
2022-09-06,397.6000061035156,397.6000061035156,385.2099914550781,392.05999755859375,392.05999755859375,2625
2022-09-07,397.79998779296875,400.0,387.79998779296875,394.2699890136719,394.2699890136719,4115
2022-09-08,388.0,414.2900085449219,385.010009765625,389.2200012207031,389.2200012207031,75805
2022-09-09,393.25,395.9800109863281,388.20001220703125,391.989990234375,391.989990234375,2825
2022-09-12,391.989990234375,393.32000732421875,387.20001220703125,390.54998779296875,390.54998779296875,10600
2022-09-13,390.2799987792969,412.6700134277344,390.2799987792969,403.3299865722656,403.3299865722656,11890
2022-09-14,417.6000061035156,417.6000061035156,400.5199890136719,410.8900146484375,410.8900146484375,99705
2022-09-15,419.6000061035156,419.79998779296875,404.3999938964844,406.989990234375,406.989990234375,3935
2022-09-16,416.989990234375,416.989990234375,388.20001220703125,394.5299987792969,394.5299987792969,4565
2022-09-19,403.6000061035156,418.989990234375,380.3999938964844,387.3599853515625,387.3599853515625,8965
2022-09-20,385.0799865722656,400.8500061035156,380.7099914550781,385.1600036621094,385.1600036621094,8350
2022-09-21,397.760009765625,404.2300109863281,386.1300048828125,400.9100036621094,400.9100036621094,37785
2022-09-22,400.92999267578125,404.5199890136719,391.0,403.19000244140625,403.19000244140625,6915
2022-09-23,396.0400085449219,404.5899963378906,395.0799865722656,402.2300109863281,402.2300109863281,990
2022-09-26,400.2300109863281,402.20001220703125,376.5199890136719,382.1499938964844,382.1499938964844,14200
2022-09-27,392.0,392.0,370.1199951171875,378.3800048828125,378.3800048828125,6815
2022-09-28,376.44000244140625,379.95001220703125,368.6199951171875,370.3800048828125,370.3800048828125,2935
2022-09-29,377.4200134277344,390.0,367.04998779296875,383.4800109863281,383.4800109863281,4405
2022-09-30,378.6199951171875,396.79998779296875,372.010009765625,388.3599853515625,388.3599853515625,3515
2022-10-03,397.70001220703125,397.70001220703125,360.0,375.5299987792969,375.5299987792969,7670
2022-10-04,390.5899963378906,394.0,373.3999938964844,379.739990234375,379.739990234375,2575
2022-10-06,389.0,389.0,360.1199951171875,367.3500061035156,367.3500061035156,24515
2022-10-07,369.3500061035156,379.010009765625,365.0,366.760009765625,366.760009765625,3270
2022-10-10,365.0,371.6000061035156,360.6000061035156,368.04998779296875,368.04998779296875,5385
2022-10-11,368.5199890136719,379.6000061035156,364.1099853515625,378.3699951171875,378.3699951171875,5170
2022-10-12,372.8800048828125,373.82000732421875,362.4200134277344,364.5899963378906,364.5899963378906,9850
2022-10-13,372.5899963378906,384.79998779296875,363.04998779296875,378.19000244140625,378.19000244140625,6950
2022-10-14,383.9700012207031,387.19000244140625,373.7799987792969,379.2900085449219,379.2900085449219,6775
2022-10-17,381.6000061035156,381.6000061035156,370.9700012207031,377.55999755859375,377.55999755859375,4445
2022-10-18,377.3999938964844,378.3599853515625,370.0,377.1099853515625,377.1099853515625,2315
2022-10-19,379.7799987792969,383.55999755859375,373.0,376.7699890136719,376.7699890136719,1315
2022-10-20,379.7900085449219,382.0,374.0,379.3900146484375,379.3900146484375,1445
2022-10-21,379.3999938964844,390.0,375.4100036621094,388.4800109863281,388.4800109863281,3045
2022-10-24,392.3999938964844,392.3999938964844,376.5,378.010009765625,378.010009765625,1530
2022-10-25,388.2799987792969,388.2799987792969,372.3699951171875,375.5899963378906,375.5899963378906,4670
2022-10-27,386.79998779296875,387.07000732421875,374.4200134277344,375.9700012207031,375.9700012207031,785
2022-10-28,379.989990234375,383.0,375.32000732421875,380.3699951171875,380.3699951171875,1180
2022-10-31,383.0,392.79998779296875,372.760009765625,385.760009765625,385.760009765625,7220
2022-11-01,384.3599853515625,388.7900085449219,378.5,379.010009765625,379.010009765625,3995
2022-11-02,384.0,384.0,370.5,373.6099853515625,373.6099853515625,3670
2022-11-03,374.0199890136719,377.6000061035156,370.2200012207031,373.04998779296875,373.04998779296875,3660
2022-11-04,371.7200012207031,376.2200012207031,364.6000061035156,367.0,367.0,6205
2022-11-07,380.989990234375,380.989990234375,354.0,355.44000244140625,355.44000244140625,8620
2022-11-09,362.0,362.0,337.04998779296875,342.1400146484375,342.1400146484375,12170
2022-11-10,366.0,366.0,326.7099914550781,334.4200134277344,334.4200134277344,7690
2022-11-11,338.79998779296875,340.5799865722656,320.5899963378906,323.1300048828125,323.1300048828125,10035
2022-11-14,321.1300048828125,331.0,320.25,327.8900146484375,327.8900146484375,7815
2022-11-15,331.0,337.0,322.0,322.1700134277344,322.1700134277344,58510
2022-11-16,331.0,335.0199890136719,324.3299865722656,331.2099914550781,331.2099914550781,5535
2022-11-17,335.0,335.0,308.5199890136719,316.5899963378906,316.5899963378906,13055
2022-11-18,323.9599914550781,332.510009765625,313.04998779296875,318.4800109863281,318.4800109863281,10435
2022-11-21,316.8900146484375,329.0,302.989990234375,326.3500061035156,326.3500061035156,9510
2022-11-22,328.82000732421875,360.0,319.5299987792969,339.8299865722656,339.8299865722656,14525
2022-11-23,355.9800109863281,355.9800109863281,328.2099914550781,336.67999267578125,336.67999267578125,16050
2022-11-24,349.79998779296875,349.79998779296875,327.4800109863281,334.8699951171875,334.8699951171875,7425
2022-11-25,348.0,348.0,325.0,328.2099914550781,328.2099914550781,8745
2022-11-28,332.0,332.239990234375,318.3699951171875,326.92999267578125,326.92999267578125,5355
2022-11-29,325.9800109863281,391.3999938964844,325.9800109863281,333.489990234375,333.489990234375,70630
2022-11-30,332.42999267578125,337.5799865722656,330.0199890136719,335.9100036621094,335.9100036621094,4555
2022-12-01,343.7900085449219,346.8599853515625,334.6000061035156,338.1099853515625,338.1099853515625,6260
2022-12-02,343.6400146484375,350.0,335.9800109863281,344.30999755859375,344.30999755859375,9820
2022-12-05,346.3999938964844,347.989990234375,343.0,343.760009765625,343.760009765625,5415
2022-12-06,349.20001220703125,349.989990234375,342.010009765625,343.25,343.25,5455
2022-12-07,349.79998779296875,349.79998779296875,341.0,346.8599853515625,346.8599853515625,6065
2022-12-08,344.7300109863281,345.239990234375,338.7200012207031,343.6499938964844,343.6499938964844,2580
2022-12-09,345.4800109863281,350.0,342.0,343.29998779296875,343.29998779296875,3695
2022-12-12,349.79998779296875,350.0,340.0,345.95001220703125,345.95001220703125,6020
2022-12-13,346.57000732421875,346.57000732421875,340.2099914550781,345.6400146484375,345.6400146484375,6270
2022-12-14,345.7799987792969,345.9800109863281,340.0,340.8299865722656,340.8299865722656,4250
2022-12-15,340.2099914550781,342.9800109863281,330.0,331.17999267578125,331.17999267578125,11225
2022-12-16,325.2200012207031,333.92999267578125,320.20001220703125,321.1000061035156,321.1000061035156,10895
2022-12-19,323.0,323.0,318.0,321.5199890136719,321.5199890136719,3170
2022-12-20,322.9800109863281,337.7699890136719,322.010009765625,334.7900085449219,334.7900085449219,5225
2022-12-21,339.9200134277344,339.95001220703125,319.989990234375,323.17999267578125,323.17999267578125,7785
2022-12-22,324.2699890136719,339.9800109863281,320.1600036621094,334.510009765625,334.510009765625,4570
2022-12-23,338.0,338.0,319.79998779296875,322.95001220703125,322.95001220703125,5605
2022-12-26,332.0,333.5199890136719,320.29998779296875,327.57000732421875,327.57000732421875,4610
2022-12-27,333.3999938964844,333.4100036621094,322.0,327.54998779296875,327.54998779296875,5195
2022-12-28,328.0400085449219,332.7900085449219,322.6000061035156,330.69000244140625,330.69000244140625,3360
2022-12-29,329.9800109863281,330.7699890136719,289.17999267578125,306.8900146484375,306.8900146484375,59260
2022-12-30,326.989990234375,326.989990234375,305.2200012207031,316.9200134277344,316.9200134277344,8950
2023-01-02,316.9200134277344,317.989990234375,310.760009765625,315.260009765625,315.260009765625,4150
2023-01-03,328.79998779296875,328.79998779296875,315.6000061035156,319.1099853515625,319.1099853515625,4520
2023-01-04,319.6099853515625,319.6099853515625,306.6199951171875,316.4800109863281,316.4800109863281,1785
2023-01-05,321.79998779296875,321.79998779296875,310.7300109863281,313.30999755859375,313.30999755859375,2085
2023-01-06,312.80999755859375,312.80999755859375,299.05999755859375,301.5199890136719,301.5199890136719,7425
2023-01-09,310.8399963378906,315.0,295.0199890136719,302.57000732421875,302.57000732421875,4985
2023-01-10,295.6199951171875,314.7900085449219,295.6199951171875,310.6099853515625,310.6099853515625,7085
2023-01-11,306.7200012207031,316.3800048828125,306.6199951171875,309.8699951171875,309.8699951171875,5180
2023-01-12,312.3500061035156,315.0,301.2099914550781,311.8699951171875,311.8699951171875,3105
2023-01-13,308.4599914550781,310.8999938964844,301.3999938964844,305.82000732421875,305.82000732421875,2380
2023-01-16,309.79998779296875,312.82000732421875,301.20001220703125,303.20001220703125,303.20001220703125,3610
2023-01-17,303.989990234375,310.0,299.0,300.9700012207031,300.9700012207031,5120
2023-01-18,307.6000061035156,311.29998779296875,301.54998779296875,303.9800109863281,303.9800109863281,3330
2023-01-19,303.010009765625,304.7799987792969,300.0,300.67999267578125,300.67999267578125,1655
2023-01-20,303.6400146484375,307.9800109863281,301.3800048828125,305.6499938964844,305.6499938964844,5075
2023-01-23,307.2699890136719,312.9800109863281,294.3999938964844,298.0899963378906,298.0899963378906,5295
2023-01-24,295.3999938964844,307.9800109863281,295.0,306.4800109863281,306.4800109863281,7180
2023-01-25,304.0,305.5199890136719,294.989990234375,298.739990234375,298.739990234375,4960
2023-01-27,305.0299987792969,307.79998779296875,293.17999267578125,303.510009765625,303.510009765625,5160
2023-01-30,299.6600036621094,308.19000244140625,296.3500061035156,306.4599914550781,306.4599914550781,3025
2023-01-31,300.5199890136719,309.6000061035156,298.0,305.32000732421875,305.32000732421875,3945
2023-02-01,310.2699890136719,316.79998779296875,301.05999755859375,306.0299987792969,306.0299987792969,8625
2023-02-02,303.9800109863281,315.2900085449219,303.9800109863281,307.9800109863281,307.9800109863281,2550
2023-02-03,311.2699890136719,313.25,306.20001220703125,310.8999938964844,310.8999938964844,8560
2023-02-06,333.6000061035156,333.6000061035156,308.0199890136719,317.70001220703125,317.70001220703125,14825
2023-02-07,314.07000732421875,328.0799865722656,312.0,319.510009765625,319.510009765625,1090
2023-02-08,332.70001220703125,332.70001220703125,304.0,314.010009765625,314.010009765625,12520
2023-02-09,304.20001220703125,312.9599914550781,295.2099914550781,298.20001220703125,298.20001220703125,29925
2023-02-10,294.0,303.7200012207031,287.239990234375,294.6000061035156,294.6000061035156,22245
2023-02-13,290.4100036621094,290.4100036621094,275.2200012207031,278.3299865722656,278.3299865722656,32530
2023-02-14,279.5400085449219,287.8399963378906,253.0,257.9200134277344,257.9200134277344,35625
2023-02-15,259.9200134277344,263.6700134277344,255.32000732421875,259.4700012207031,259.4700012207031,10085
2023-02-16,269.3900146484375,269.3900146484375,256.0,259.3399963378906,259.3399963378906,10945
2023-02-17,266.19000244140625,266.19000244140625,242.0,247.69000244140625,247.69000244140625,10975
2023-02-20,248.0,261.9800109863281,248.0,257.7099914550781,257.7099914550781,13480
2023-02-21,257.7099914550781,259.0199890136719,244.1999969482422,247.60000610351562,247.60000610351562,7655
2023-02-22,247.6199951171875,253.99000549316406,241.0,248.72999572753906,248.72999572753906,16325
2023-02-23,244.00999450683594,250.6300048828125,221.1199951171875,227.80999755859375,227.80999755859375,27145
2023-02-24,227.8000030517578,236.99000549316406,213.16000366210938,218.17999267578125,218.17999267578125,30415
2023-02-27,222.0,235.58999633789062,210.0,212.66000366210938,212.66000366210938,16915
2023-02-28,214.7899932861328,224.00999450683594,212.97000122070312,218.3800048828125,218.3800048828125,6310
2023-03-01,223.05999755859375,223.66000366210938,212.1999969482422,214.25999450683594,214.25999450683594,16080
2023-03-02,219.8000030517578,222.60000610351562,214.05999755859375,219.64999389648438,219.64999389648438,6735
2023-03-03,218.5800018310547,232.85000610351562,218.17999267578125,226.66000366210938,226.66000366210938,8445
2023-03-06,233.5399932861328,233.5399932861328,226.38999938964844,231.22000122070312,231.22000122070312,8285
2023-03-08,230.05999755859375,239.8000030517578,224.00999450683594,233.6300048828125,233.6300048828125,9645
2023-03-09,230.2100067138672,236.33999633789062,219.99000549316406,228.47000122070312,228.47000122070312,17520
2023-03-10,229.57000732421875,230.33999633789062,220.39999389648438,223.52999877929688,223.52999877929688,3130
2023-03-13,223.00999450683594,235.42999267578125,214.1999969482422,218.75,218.75,25500
2023-03-14,215.99000549316406,225.7899932861328,215.0,219.0800018310547,219.0800018310547,11395
2023-03-15,222.33999633789062,223.50999450683594,209.52000427246094,214.0,214.0,18210
2023-03-16,216.97999572753906,216.97999572753906,200.8000030517578,202.0800018310547,202.0800018310547,25490
2023-03-17,199.8000030517578,201.60000610351562,194.39999389648438,200.0500030517578,200.0500030517578,24365
2023-03-20,192.22000122070312,211.14999389648438,191.0,193.75,193.75,43465
2023-03-21,202.9600067138672,207.60000610351562,195.60000610351562,199.52999877929688,199.52999877929688,34755
2023-03-22,202.0,202.9499969482422,198.25,199.7100067138672,199.7100067138672,47105
2023-03-23,203.0500030517578,208.7899932861328,200.1999969482422,203.75999450683594,203.75999450683594,25010
2023-03-24,201.97000122070312,212.05999755859375,201.77000427246094,209.14999389648438,209.14999389648438,16500
2023-03-27,209.14999389648438,211.50999450683594,203.1999969482422,206.27999877929688,206.27999877929688,12390
2023-03-28,206.8800048828125,209.0,200.57000732421875,205.6999969482422,205.6999969482422,16635
2023-03-29,209.8000030517578,214.1300048828125,198.6699981689453,203.33999633789062,203.33999633789062,50650
2023-03-31,209.99000549316406,209.99000549316406,203.6999969482422,205.67999267578125,205.67999267578125,9620
2023-04-03,210.1999969482422,214.0,205.1300048828125,210.75,210.75,11730
2023-04-05,214.1999969482422,228.0,208.97999572753906,226.67999267578125,226.67999267578125,8145
2023-04-06,231.92999267578125,250.11000061035156,225.60000610351562,227.75,227.75,53170
2023-04-10,231.58999633789062,231.58999633789062,212.47000122070312,216.9199981689453,216.9199981689453,10485
2023-04-11,221.64999389648438,224.1999969482422,214.0,218.0,218.0,10010
2023-04-12,220.0,224.0,210.85000610351562,213.00999450683594,213.00999450683594,12335
2023-04-13,210.00999450683594,223.97999572753906,206.82000732421875,210.00999450683594,210.00999450683594,42015
2023-04-17,215.27000427246094,219.99000549316406,209.74000549316406,216.5,216.5,17885
2023-04-18,225.99000549316406,225.99000549316406,200.0,211.67999267578125,211.67999267578125,77785
2023-04-19,211.67999267578125,211.67999267578125,199.00999450683594,202.83999633789062,202.83999633789062,21030
2023-04-20,206.89999389648438,206.89999389648438,199.60000610351562,200.3699951171875,200.3699951171875,13685
2023-04-21,208.0,208.0,200.60000610351562,203.08999633789062,203.08999633789062,131910
2023-04-24,205.3800048828125,208.0,201.57000732421875,205.1199951171875,205.1199951171875,7730
2023-04-25,205.1199951171875,216.41000366210938,202.1999969482422,203.85000610351562,203.85000610351562,15315
2023-04-26,203.85000610351562,225.55999755859375,200.75999450683594,221.14999389648438,221.14999389648438,72355
2023-04-27,224.47000122070312,224.47000122070312,215.1300048828125,220.6199951171875,220.6199951171875,14790
2023-04-28,223.85000610351562,233.19000244140625,223.6199951171875,231.5,231.5,21135
2023-05-02,231.8000030517578,238.0,228.36000061035156,231.83999633789062,231.83999633789062,12660
2023-05-03,237.97000122070312,243.11000061035156,235.0,236.02000427246094,236.02000427246094,12490
2023-05-04,242.99000549316406,242.99000549316406,233.8699951171875,236.6699981689453,236.6699981689453,15965
2023-05-05,236.63999938964844,240.0,233.05999755859375,234.5399932861328,234.5399932861328,12285
2023-05-08,240.41000366210938,243.0,231.19000244140625,236.30999755859375,236.30999755859375,18220
2023-05-09,243.0,244.97999572753906,236.02999877929688,239.8699951171875,239.8699951171875,9430
2023-05-10,234.32000732421875,244.2100067138672,234.32000732421875,240.4199981689453,240.4199981689453,18745
2023-05-11,241.4600067138672,242.1999969482422,239.14999389648438,239.99000549316406,239.99000549316406,3720
2023-05-12,239.88999938964844,242.88999938964844,222.47000122070312,228.61000061035156,228.61000061035156,55870
2023-05-15,230.39999389648438,245.8699951171875,230.39999389648438,239.39999389648438,239.39999389648438,26830
2023-05-16,245.99000549316406,245.99000549316406,237.49000549316406,239.47000122070312,239.47000122070312,14010
2023-05-17,240.16000366210938,244.38999938964844,232.0,233.47999572753906,233.47999572753906,16105
2023-05-18,241.39999389648438,268.7699890136719,233.77000427246094,256.7300109863281,256.7300109863281,335340
2023-05-19,263.6600036621094,270.8500061035156,248.0,252.50999450683594,252.50999450683594,46200
2023-05-22,270.0,281.3999938964844,256.0,269.7200012207031,269.7200012207031,111080
2023-05-23,265.2200012207031,273.7699890136719,255.0500030517578,259.57000732421875,259.57000732421875,63655
2023-05-24,266.0,269.6000061035156,255.50999450683594,257.7699890136719,257.7699890136719,38995
2023-05-25,264.2799987792969,264.2799987792969,258.2799987792969,259.9700012207031,259.9700012207031,38365
2023-05-26,264.17999267578125,264.55999755859375,255.52000427246094,258.9700012207031,258.9700012207031,10860
2023-05-29,264.989990234375,264.989990234375,255.85000610351562,257.9200134277344,257.9200134277344,15900
2023-05-30,260.9700012207031,261.29998779296875,254.8800048828125,260.0299987792969,260.0299987792969,20380
2023-05-31,266.9100036621094,266.9100036621094,256.0,257.0799865722656,257.0799865722656,8630
2023-06-01,261.17999267578125,261.260009765625,253.80999755859375,258.260009765625,258.260009765625,15820
2023-06-02,260.010009765625,263.8900146484375,256.0299987792969,257.7799987792969,257.7799987792969,46660
2023-06-05,259.20001220703125,265.5799865722656,255.60000610351562,257.17999267578125,257.17999267578125,23585
2023-06-06,261.9100036621094,265.9700012207031,255.22000122070312,258.9700012207031,258.9700012207031,24155
2023-06-07,254.60000610351562,269.6700134277344,254.60000610351562,260.3500061035156,260.3500061035156,43515
2023-06-08,259.20001220703125,278.0,259.20001220703125,269.4100036621094,269.4100036621094,60965
2023-06-09,273.6000061035156,277.3500061035156,262.57000732421875,267.07000732421875,267.07000732421875,27495
2023-06-12,262.80999755859375,269.760009765625,258.6499938964844,261.760009765625,261.760009765625,33280
2023-06-13,267.3900146484375,272.80999755859375,261.989990234375,270.1499938964844,270.1499938964844,17285
2023-06-14,266.55999755859375,279.0799865722656,266.55999755859375,274.7900085449219,274.7900085449219,31845
2023-06-15,277.5799865722656,316.8399963378906,274.7900085449219,300.1499938964844,300.1499938964844,508870
2023-06-16,300.1499938964844,301.20001220703125,292.05999755859375,297.95001220703125,297.95001220703125,56255
2023-06-19,296.3999938964844,351.739990234375,294.6199951171875,325.75,325.75,437005
2023-06-20,326.0,337.3999938964844,314.510009765625,328.3800048828125,328.3800048828125,194535
2023-06-21,335.0,335.92999267578125,320.0,323.8299865722656,323.8299865722656,45410
2023-06-22,324.0,324.0,298.20001220703125,301.5400085449219,301.5400085449219,145995
2023-06-23,303.3800048828125,305.5899963378906,295.29998779296875,299.5799865722656,299.5799865722656,76845
2023-06-26,297.0199890136719,302.6700134277344,295.510009765625,297.6199951171875,297.6199951171875,25120
2023-06-27,301.6000061035156,301.6000061035156,295.2099914550781,299.75,299.75,25140
2023-06-28,300.9800109863281,304.1400146484375,296.2799987792969,301.7300109863281,301.7300109863281,23065
2023-06-30,305.20001220703125,305.20001220703125,294.0,295.80999755859375,295.80999755859375,19565
2023-07-03,297.0,303.5899963378906,295.1700134277344,299.3800048828125,299.3800048828125,11630
2023-07-04,302.79998779296875,302.79998779296875,289.80999755859375,296.42999267578125,296.42999267578125,34680
2023-07-05,291.1499938964844,299.9800109863281,291.1499938964844,297.3500061035156,297.3500061035156,18745
2023-07-06,297.1199951171875,301.010009765625,294.05999755859375,299.1199951171875,299.1199951171875,7035
2023-07-07,300.0,300.0,289.6000061035156,294.9800109863281,294.9800109863281,21680
2023-07-10,300.0,303.79998779296875,294.2900085449219,295.760009765625,295.760009765625,29705
2023-07-11,300.0,300.0,291.2900085449219,293.4700012207031,293.4700012207031,19970
2023-07-12,293.5400085449219,295.989990234375,288.54998779296875,290.0299987792969,290.0299987792969,41005
2023-07-13,299.3999938964844,299.3999938964844,282.80999755859375,285.1499938964844,285.1499938964844,16190
2023-07-14,292.9800109863281,299.9599914550781,279.989990234375,285.8900146484375,285.8900146484375,37060
2023-07-17,291.79998779296875,292.989990234375,283.9599914550781,286.25,286.25,17795
2023-07-18,286.44000244140625,287.989990234375,276.20001220703125,276.5299987792969,276.5299987792969,37485
2023-07-19,279.7300109863281,290.0,278.1700134277344,286.7699890136719,286.7699890136719,15160
2023-07-20,288.0,288.17999267578125,273.6000061035156,279.0,279.0,17000
2023-07-21,276.0199890136719,285.9599914550781,276.0199890136719,280.1700134277344,280.1700134277344,22720
2023-07-24,280.0,287.0,276.2799987792969,280.6300048828125,280.6300048828125,24150
2023-07-25,284.4800109863281,285.1499938964844,279.6099853515625,280.3399963378906,280.3399963378906,36440
2023-07-26,280.0899963378906,283.2099914550781,276.2300109863281,277.19000244140625,277.19000244140625,176375
2023-07-27,278.239990234375,281.5899963378906,272.0,273.2099914550781,273.2099914550781,16220
2023-07-28,273.5,275.6199951171875,267.20001220703125,269.5199890136719,269.5199890136719,19230
2023-07-31,268.989990234375,268.989990234375,262.0,265.6499938964844,265.6499938964844,33765
2023-08-01,264.1300048828125,268.0,260.2200012207031,262.8500061035156,262.8500061035156,37445
2023-08-02,265.79998779296875,269.75,262.04998779296875,267.19000244140625,267.19000244140625,14255
2023-08-03,269.92999267578125,275.57000732421875,265.17999267578125,273.3900146484375,273.3900146484375,19075
2023-08-04,277.489990234375,277.5,268.0,269.6499938964844,269.6499938964844,17040
2023-08-07,274.989990234375,278.3800048828125,265.20001220703125,268.3999938964844,268.3999938964844,21425
2023-08-08,267.989990234375,275.3999938964844,265.2300109863281,269.2799987792969,269.2799987792969,7100
2023-08-09,289.989990234375,309.79998779296875,286.010009765625,299.3599853515625,299.3599853515625,252160
2023-08-10,300.0,303.0899963378906,289.6000061035156,290.82000732421875,290.82000732421875,32250
2023-08-11,292.8800048828125,298.489990234375,287.5199890136719,294.6499938964844,294.6499938964844,18650
2023-08-14,297.5899963378906,309.9599914550781,292.07000732421875,307.6300048828125,307.6300048828125,184815
2023-08-16,310.0,319.6000061035156,307.0,314.92999267578125,314.92999267578125,57155
2023-08-17,326.2099914550781,329.9599914550781,315.20001220703125,325.44000244140625,325.44000244140625,100640
2023-08-18,330.989990234375,331.0,318.0,323.3599853515625,323.3599853515625,40970
2023-08-21,327.45001220703125,350.0,324.54998779296875,345.25,345.25,164900
2023-08-22,345.3900146484375,354.0,336.6499938964844,339.9700012207031,339.9700012207031,36525
2023-08-23,347.45001220703125,359.19000244140625,340.260009765625,357.07000732421875,357.07000732421875,72135
2023-08-24,359.79998779296875,367.79998779296875,331.0199890136719,338.3800048828125,338.3800048828125,98825
2023-08-25,341.760009765625,345.9700012207031,337.20001220703125,340.6400146484375,340.6400146484375,30725
2023-08-28,352.0,352.0,326.6499938964844,331.8500061035156,331.8500061035156,28970
2023-08-29,335.20001220703125,350.2900085449219,332.0,341.7799987792969,341.7799987792969,30635
2023-08-30,338.0,343.989990234375,331.0,332.9599914550781,332.9599914550781,54410
2023-08-31,336.2799987792969,344.04998779296875,331.7200012207031,341.1400146484375,341.1400146484375,28050
2023-09-01,332.20001220703125,349.6000061035156,332.20001220703125,347.5299987792969,347.5299987792969,36300
2023-09-04,359.7900085449219,359.79998779296875,345.0,348.2300109863281,348.2300109863281,53335
2023-09-05,352.2699890136719,353.0199890136719,344.3999938964844,351.2900085449219,351.2900085449219,16765
2023-09-06,354.0,354.0,334.010009765625,339.1400146484375,339.1400146484375,33435
2023-09-07,341.7900085449219,350.20001220703125,337.2099914550781,348.6199951171875,348.6199951171875,31340
2023-09-08,351.3900146484375,351.3900146484375,342.0400085449219,343.6300048828125,343.6300048828125,10595
2023-09-11,349.20001220703125,352.4100036621094,343.79998779296875,350.57000732421875,350.57000732421875,24290
2023-09-12,351.6600036621094,359.79998779296875,341.04998779296875,349.239990234375,349.239990234375,42185
2023-09-13,349.1300048828125,359.989990234375,348.4100036621094,357.04998779296875,357.04998779296875,35500
2023-09-14,360.0,362.25,353.95001220703125,359.1300048828125,359.1300048828125,27875
2023-09-15,352.6499938964844,364.989990234375,352.6499938964844,358.82000732421875,358.82000732421875,24745
2023-09-18,362.0,363.6000061035156,350.2200012207031,352.4100036621094,352.4100036621094,28500
2023-09-20,357.0,357.0,348.20001220703125,349.6499938964844,349.6499938964844,21445
2023-09-21,350.0,352.1499938964844,334.54998779296875,340.7099914550781,340.7099914550781,21675
2023-09-22,340.7099914550781,344.9599914550781,337.82000732421875,340.0299987792969,340.0299987792969,11630
2023-09-25,338.2200012207031,350.0,338.2200012207031,342.1400146484375,342.1400146484375,15100
2023-09-26,342.0,349.989990234375,342.0,346.20001220703125,346.20001220703125,10165
2023-09-27,345.5,347.17999267578125,339.20001220703125,342.0400085449219,342.0400085449219,18435
2023-09-28,342.0400085449219,359.9599914550781,342.0400085449219,353.3500061035156,353.3500061035156,49720
2023-09-29,359.79998779296875,362.0,353.2099914550781,360.2200012207031,360.2200012207031,64175
2023-10-03,365.0,365.0,353.0,357.8800048828125,357.8800048828125,14930
2023-10-04,355.0,363.989990234375,352.4200134277344,358.67999267578125,358.67999267578125,14585
2023-10-05,363.6000061035156,376.79998779296875,359.2200012207031,372.44000244140625,372.44000244140625,62760
2023-10-06,376.1600036621094,379.5899963378906,360.4100036621094,366.54998779296875,366.54998779296875,51590
2023-10-09,363.4100036621094,371.6000061035156,358.0,366.7200012207031,366.7200012207031,21435
2023-10-10,368.44000244140625,372.489990234375,352.0,361.1499938964844,361.1499938964844,50770
2023-10-11,362.5299987792969,363.95001220703125,352.70001220703125,360.1300048828125,360.1300048828125,40445
2023-10-12,365.5299987792969,366.989990234375,358.010009765625,362.989990234375,362.989990234375,13210
2023-10-13,363.7300109863281,365.19000244140625,355.25,356.94000244140625,356.94000244140625,11230
2023-10-16,356.29998779296875,360.3800048828125,352.20001220703125,355.07000732421875,355.07000732421875,14575
2023-10-17,357.9100036621094,379.3999938964844,354.82000732421875,376.0799865722656,376.0799865722656,40435
2023-10-18,376.1199951171875,382.989990234375,364.4800109863281,366.95001220703125,366.95001220703125,12555
2023-10-19,363.0400085449219,369.0,360.3599853515625,366.2300109863281,366.2300109863281,14695
2023-10-20,366.04998779296875,366.8699951171875,356.4700012207031,361.8800048828125,361.8800048828125,14175
2023-10-23,358.2099914550781,362.8599853515625,339.0,346.8999938964844,346.8999938964844,28630
2023-10-25,352.4700012207031,353.7099914550781,334.2099914550781,338.54998779296875,338.54998779296875,14885
2023-10-26,336.57000732421875,362.0,326.4700012207031,355.3299865722656,355.3299865722656,114930
2023-10-27,362.3999938964844,364.9800109863281,352.3999938964844,354.17999267578125,354.17999267578125,23295
2023-10-30,356.1000061035156,356.1000061035156,346.4100036621094,353.239990234375,353.239990234375,19335
2023-10-31,351.989990234375,361.2300109863281,348.80999755859375,357.42999267578125,357.42999267578125,9110
2023-11-01,361.79998779296875,361.79998779296875,346.010009765625,351.0400085449219,351.0400085449219,29810
2023-11-02,354.4800109863281,354.4800109863281,347.2799987792969,349.17999267578125,349.17999267578125,98485
2023-11-03,352.760009765625,355.3800048828125,344.9200134277344,346.94000244140625,346.94000244140625,28965
2023-11-06,350.0,350.8699951171875,340.4200134277344,348.1499938964844,348.1499938964844,34525
2023-11-07,355.0,355.0,342.44000244140625,344.8500061035156,344.8500061035156,25800
2023-11-08,344.8500061035156,359.79998779296875,344.20001220703125,358.0799865722656,358.0799865722656,27750
2023-11-09,363.0,368.70001220703125,346.4700012207031,351.739990234375,351.739990234375,52180
2023-11-10,357.0199890136719,359.3999938964844,351.79998779296875,358.0899963378906,358.0899963378906,33715
2023-11-13,365.20001220703125,368.3999938964844,359.010009765625,360.3800048828125,360.3800048828125,110995
2023-11-15,365.0,366.79998779296875,357.3299865722656,362.0899963378906,362.0899963378906,48865
2023-11-16,366.79998779296875,366.79998779296875,357.3299865722656,359.260009765625,359.260009765625,30505
2023-11-17,362.0,366.57000732421875,358.2300109863281,359.6300048828125,359.6300048828125,27315
2023-11-20,364.3999938964844,373.0,360.239990234375,367.260009765625,367.260009765625,97280
2023-11-21,368.20001220703125,376.989990234375,368.20001220703125,370.8299865722656,370.8299865722656,128570
2023-11-22,377.0,379.3999938964844,372.1300048828125,375.7699890136719,375.7699890136719,170245
2023-11-23,381.1000061035156,384.95001220703125,356.29998779296875,359.20001220703125,359.20001220703125,150899
2023-11-24,353.0,356.54998779296875,343.70001220703125,349.6499938964844,349.6499938964844,152311
2023-11-28,345.25,347.3999938964844,331.0,333.6499938964844,333.6499938964844,64866
2023-11-29,332.0,334.70001220703125,324.29998779296875,329.6000061035156,329.6000061035156,97541
2023-11-30,326.0,330.0,312.6000061035156,315.6499938964844,315.6499938964844,126405
2023-12-01,313.0,328.25,309.70001220703125,324.79998779296875,324.79998779296875,106086
2023-12-04,330.0,330.0,318.0,320.1499938964844,320.1499938964844,45851
2023-12-05,322.5,334.70001220703125,318.75,331.1499938964844,331.1499938964844,36921
2023-12-06,335.0,340.0,327.45001220703125,337.8500061035156,337.8500061035156,24912
2023-12-07,344.0,348.0,329.79998779296875,345.1000061035156,345.1000061035156,55954
2023-12-08,349.70001220703125,349.70001220703125,335.0,337.25,337.25,15835
2023-12-11,336.0,342.6000061035156,333.04998779296875,334.8500061035156,334.8500061035156,26644
2023-12-12,341.0,341.0,329.8500061035156,335.3999938964844,335.3999938964844,27621
2023-12-13,337.0,337.0,326.20001220703125,327.70001220703125,327.70001220703125,37140
2023-12-14,337.0,339.95001220703125,323.20001220703125,325.20001220703125,325.20001220703125,36120
2023-12-15,325.04998779296875,339.0,323.6000061035156,328.1499938964844,328.1499938964844,23582
2023-12-18,332.0,345.8999938964844,332.0,343.54998779296875,343.54998779296875,51018
2023-12-19,349.0,349.70001220703125,332.0,339.3999938964844,339.3999938964844,39566
2023-12-20,343.45001220703125,346.0,331.54998779296875,340.45001220703125,340.45001220703125,50936
2023-12-21,339.0,348.0,334.45001220703125,339.5,339.5,21366
2023-12-22,337.0,345.8999938964844,335.6499938964844,342.54998779296875,342.54998779296875,21334
2023-12-26,342.79998779296875,343.3999938964844,332.75,334.70001220703125,334.70001220703125,17276
2023-12-27,333.1000061035156,347.70001220703125,332.0,343.8500061035156,343.8500061035156,24222
2023-12-28,339.0,342.75,336.20001220703125,339.3999938964844,339.3999938964844,18883
2023-12-29,348.3500061035156,348.3500061035156,332.6000061035156,336.1499938964844,336.1499938964844,19718
2024-01-01,333.0,338.5,332.54998779296875,334.79998779296875,334.79998779296875,19566
2024-01-02,339.0,339.0,330.6000061035156,334.75,334.75,16812
2024-01-03,335.79998779296875,349.0,330.29998779296875,338.3999938964844,338.3999938964844,25472
2024-01-04,342.1000061035156,344.95001220703125,331.29998779296875,334.8999938964844,334.8999938964844,35761
2024-01-05,336.6499938964844,337.5,329.5,334.3500061035156,334.3500061035156,17883
2024-01-08,331.79998779296875,335.1499938964844,325.75,329.0,329.0,223301
2024-01-09,326.6499938964844,337.6499938964844,325.04998779296875,331.8999938964844,331.8999938964844,133031
2024-01-10,333.1499938964844,333.1499938964844,322.0,325.3500061035156,325.3500061035156,114691
2024-01-11,329.75,329.75,322.0,324.6000061035156,324.6000061035156,48440
2024-01-12,324.0,325.0,320.0,321.6000061035156,321.6000061035156,46737
2024-01-15,321.6000061035156,321.6000061035156,321.6000061035156,321.6000061035156,321.6000061035156,0
2024-01-16,316.0,336.0,312.5,320.6499938964844,320.6499938964844,47066
